1819.582031	1526.812012
1818.618164	1531.996338
1817.653320	1469.461792
1816.688477	1552.054932
1815.723633	1585.392212
1814.757813	1569.505981
1813.792969	1587.288696
1812.827148	1576.586670
1811.861328	1586.595337
1810.894531	1560.372070
1809.928711	1578.141235
1808.961914	1541.585083
1807.995117	1567.108643
1807.028320	1584.864746
1806.061523	1563.840210
1805.093750	1651.365356
1804.125977	1599.330688
1803.158203	1637.729736
1802.190430	1722.598999
1801.221680	1621.524048
1800.253906	1659.893188
1799.285156	1631.141724
1798.316406	1607.563477
1797.346680	1715.565186
1796.377930	1712.612671
1795.408203	1663.245361
1794.438477	1693.821045
1793.468750	1734.693726
1792.498047	1633.813965
1791.528320	1651.494019
1790.557617	1630.528198
1789.586914	1643.050659
1788.616211	1694.188965
1787.644531	1680.950195
1786.673828	1683.159058
1785.702148	1659.636108
1784.729492	1666.993652
1783.757813	1656.344238
1782.786133	1691.984741
1781.813477	1683.905396
1780.840820	1729.805542
1779.868164	1631.780884
1778.894531	1700.795166
1777.920898	1723.544312
1776.948242	1676.945923
1775.974609	1620.097656
1775.000000	1683.920776
1774.026367	1704.087524
1773.051758	1726.811401
1772.077148	1723.872559
1771.102539	1633.734131
1770.127930	1679.536011
1769.152344	1666.354736
1768.176758	1771.080444
1767.201172	1637.446899
1766.225586	1726.761841
1765.249023	1721.265991
1764.273438	1797.719849
1763.296875	1797.331665
1762.320313	1661.276978
1761.343750	1686.510376
1760.366211	1770.581787
1759.388672	1716.479736
1758.411133	1795.393311
1757.433594	1784.778076
1756.456055	1766.498169
1755.477539	1768.673218
1754.499023	1850.062744
1753.520508	1834.335327
1752.541992	1836.494385
1751.562500	1843.759766
1750.583984	1925.062988
1749.604492	1891.464844
1748.625000	1929.338135
1747.644531	1951.886230
1746.665039	2043.299805
1745.684570	2053.061768
1744.704102	2134.214844
1743.723633	2179.642822
1742.743164	2212.307861
1741.761719	2222.024902
1740.780273	2206.261230
1739.798828	2348.424561
1738.817383	2332.640625
1737.834961	2474.715576
1736.852539	2428.365723
1735.871094	2453.292969
1734.887695	2447.677490
1733.905273	2528.553955
1732.921875	2454.256348
1731.939453	2530.011230
1730.956055	2537.094727
1729.971680	2643.298828
1728.988281	2675.765869
1728.003906	2621.840576
1727.019531	2578.098145
1726.035156	2630.873779
1725.050781	2635.387451
1724.066406	2632.284180
1723.081055	2586.039307
1722.095703	2593.096680
1721.110352	2450.484131
1720.124023	2518.436279
1719.138672	2413.935303
1718.152344	2451.444580
1717.166016	2336.864502
1716.179688	2158.982910
1715.192383	2138.252930
1714.205078	2054.208252
1713.218750	2038.574341
1712.230469	2109.029785
1711.243164	2126.297852
1710.254883	2037.266113
1709.267578	1998.876953
1708.279297	2031.335327
1707.291016	1947.439209
1706.301758	1936.908325
1705.312500	1976.943237
1704.324219	1910.805176
1703.334961	2008.948975
1702.344727	1988.308105
1701.355469	1987.883301
1700.365234	1997.559937
1699.375000	2037.530396
1698.384766	1920.978271
1697.394531	2026.565186
1696.403320	2010.993164
1695.412109	2002.995728
1694.420898	2068.143555
1693.429688	2039.964478
1692.438477	2006.755493
1691.446289	1920.629761
1690.454102	2066.378418
1689.461914	1962.640625
1688.469727	2057.940186
1687.476563	2052.464355
1686.483398	2009.223633
1685.490234	2076.761963
1684.497070	2008.366821
1683.503906	2045.681763
1682.509766	2123.231689
1681.515625	2029.718750
1680.521484	2069.519775
1679.527344	2011.255249
1678.532227	2076.178467
1677.538086	2073.223145
1676.542969	2030.069458
1675.547852	2155.233398
1674.551758	2137.194580
1673.556641	2099.076416
1672.560547	2178.959717
1671.564453	2118.260742
1670.568359	2180.541016
1669.571289	2225.233887
1668.575195	2282.448242
1667.578125	2194.194580
1666.581055	2100.964355
1665.583008	2158.168457
1664.585938	2115.106445
1663.587891	2204.854980
1662.589844	2166.811035
1661.591797	2118.765381
1660.593750	2095.779297
1659.594727	2090.326904
1658.595703	2225.036133
1657.596680	2144.488770
1656.597656	2141.530762
1655.597656	2148.579346
1654.598633	2163.126709
1653.598633	2147.665527
1652.598633	2172.205566
1651.597656	2126.759521
1650.597656	2083.831299
1649.596680	2075.894043
1648.595703	2115.413574
1647.594727	2177.388916
1646.592773	2216.869873
1645.590820	2089.105713
1644.589844	2161.028809
1643.587891	2050.794678
1642.584961	2110.223389
1641.583008	2114.762695
1640.580078	2121.793457
1639.577148	2131.313721
1638.574219	2143.322266
1637.570313	2137.883545
1636.567383	2077.641357
1635.563477	2216.676270
1634.559570	2161.423096
1633.555664	2041.463745
1632.550781	2143.081787
1631.545898	2112.764404
1630.541016	2134.707764
1629.536133	2096.942383
1628.531250	2151.210205
1627.525391	2148.267090
1626.519531	2137.867432
1625.513672	2167.238037
1624.507813	2184.171875
1623.501953	2071.914307
1622.495117	2165.858398
1621.488281	2108.283936
1620.481445	2140.111816
1619.474609	2090.013672
1618.466797	2154.093750
1617.458984	2148.674316
1616.451172	2088.683594
1615.443359	2147.762695
1614.435547	2129.949951
1613.426758	2184.037109
1612.417969	2104.260986
1611.409180	2158.330566
1610.400391	2190.079590
1609.390625	2172.276367
1608.380859	2211.438232
1607.371094	2394.184814
1606.361328	2383.775635
1605.351563	2514.436523
1604.340820	2612.875732
1603.330078	2639.532959
1602.319336	2671.125732
1601.308594	2670.559082
1600.296875	2637.853760
1599.286133	2471.691162
1598.274414	2419.272217
1597.262695	2411.347168
1596.250000	2314.501221
1595.238281	2259.679199
1594.225586	2311.050537
1593.212891	2320.434570
1592.199219	2307.602295
1591.186523	2242.958008
1590.172852	2148.737061
1589.159180	2251.872559
1588.145508	2209.474121
1587.131836	2265.709961
1586.117188	2316.991943
1585.102539	2323.893555
1584.087891	2279.051758
1583.073242	2332.761230
1582.058594	2364.282959
1581.042969	2413.026855
1580.027344	2402.668213
1579.011719	2330.782959
1577.996094	2263.849609
1576.979492	2228.927002
1575.962891	2267.808838
1574.946289	2205.849365
1573.929688	2257.012451
1572.913086	2293.405273
1571.895508	2194.615723
1570.877930	2233.463135
1569.860352	2203.510986
1568.842773	2271.812012
1567.824219	2310.617920
1566.805664	2187.379395
1565.787109	2240.913086
1564.768555	2240.437744
1563.750000	2252.229736
1562.730469	2224.770020
1561.710938	2212.036133
1560.691406	2236.085449
1559.671875	2203.743896
1558.651367	2198.374756
1557.630859	2246.914063
1556.610352	2280.733887
1555.589844	2304.742676
1554.569336	2213.650635
1553.547852	2186.250488
1552.526367	2269.008057
1551.504883	2200.005859
1550.483398	2294.958252
1549.460938	2274.902100
1548.438477	2374.689453
1547.416016	2269.046387
1546.393555	2246.563721
1545.371094	2270.527344
1544.347656	2223.618164
1543.324219	2223.146240
1542.300781	2212.904297
1541.277344	2288.135986
1540.252930	2260.793945
1539.228516	2235.904541
1538.204102	2230.548828
1537.179688	2334.991211
1536.155273	2297.904541
1535.129883	2304.733154
1534.104492	2348.134033
1533.079102	2247.684082
1532.053711	2332.512939
1531.027344	2254.039795
1530.000977	2241.379639
1528.974609	2272.568359
1527.948242	2308.614258
1526.921875	2264.298584
1525.894531	2278.422852
1524.867188	2277.938721
1523.839844	2221.491455
1522.812500	2313.460449
1521.784180	2320.265381
1520.755859	2331.930176
1519.727539	2314.416748
1518.699219	2231.284668
1517.669922	2362.034424
1516.641602	2320.229736
1515.612305	2324.594482
1514.583008	2399.384521
1513.552734	2369.738037
1512.523438	2335.249268
1511.493164	2346.887451
1510.462891	2312.417725
1509.432617	2350.740967
1508.401367	2362.367920
1507.370117	2466.136719
1506.339844	2414.699463
1505.307617	2452.967773
1504.276367	2459.715820
1503.244141	2468.883789
1502.212891	2354.508545
1501.179688	2458.145508
1500.147461	2443.094482
1499.115234	2524.880859
1498.082031	2502.560791
1497.048828	2499.608154
1496.015625	2506.333496
1494.981445	2549.336914
1493.948242	2589.903320
1492.914063	2615.946289
1491.879883	2697.572998
1490.845703	2738.081543
1489.810547	2872.802490
1488.775391	2828.708740
1487.740234	2845.011719
1486.705078	2803.356934
1485.669922	2797.931152
1484.633789	2751.476807
1483.597656	2772.607666
1482.561523	2880.580811
1481.525391	2867.906250
1480.488281	2773.245361
1479.451172	2779.886963
1478.414063	2892.586670
1477.376953	2901.609375
1476.338867	2908.218506
1475.301758	2912.415771
1474.263672	2931.061523
1473.225586	2944.883545
1472.186523	3030.921143
1471.148438	3051.936035
1470.109375	3094.599121
1469.070313	3098.749756
1468.030273	3165.437744
1466.991211	3287.407959
1465.951172	3378.069824
1464.911133	3382.155518
1463.871094	3513.613770
1462.831055	3508.057373
1461.790039	3540.938965
1460.749023	3780.357178
1459.708008	3789.153809
1458.666992	3692.314453
1457.625000	3691.524902
1456.583008	3858.714111
1455.541016	3793.110596
1454.499023	3840.272217
1453.456055	3829.857910
1452.414063	3898.569824
1451.371094	3928.898193
1450.328125	3918.470459
1449.284180	3939.196289
1448.241211	4017.407471
1447.197266	3882.422607
1446.153320	3843.277832
1445.108398	3741.904297
1444.064453	3889.501953
1443.019531	3560.823730
1441.974609	3483.500000
1440.929688	3477.969238
1439.883789	3345.691650
1438.838867	3294.763916
1437.792969	3184.095947
1436.746094	3183.412842
1435.700195	3168.393311
1434.653320	3131.879639
1433.607422	3145.538086
1432.560547	2963.382568
1431.512695	3103.602295
1430.465820	3014.621582
1429.417969	2956.701416
1428.370117	2781.899414
1427.322266	2871.944824
1426.273438	2830.785645
1425.225586	2691.887451
1424.176758	2891.547852
1423.127930	2690.730225
1422.078125	2704.448486
1421.029297	2751.512207
1419.979492	2736.629883
1418.929688	2743.185059
1417.878906	2714.026123
1416.829102	2651.556641
1415.778320	2639.087402
1414.727539	2662.311279
1413.676758	2602.271240
1412.625000	2627.870850
1411.574219	2670.102539
1410.522461	2683.790283
1409.470703	2600.030029
1408.417969	2627.983154
1407.366211	2591.782715
1406.313477	2667.227051
1405.260742	2647.655273
1404.207031	2768.161621
1403.154297	2705.852295
1402.100586	2650.688477
1401.046875	2673.842041
1399.993164	2730.193359
1398.938477	2634.743896
1397.884766	2693.449951
1396.830078	2794.799072
1395.774414	2723.096436
1394.719727	2800.700195
1393.664063	2797.726318
1392.608398	2745.016113
1391.552734	2794.149170
1390.497070	2722.522705
1389.440430	2807.142578
1388.384766	2849.130371
1387.328125	2831.952881
1386.270508	2826.609619
1385.213867	2740.863281
1384.156250	2718.990967
1383.098633	2831.865967
1382.041016	2767.443359
1380.982422	2792.834717
1379.924805	2780.418213
1378.866211	2744.389160
1377.807617	2776.852295
1376.748047	2736.117432
1375.688477	2678.878418
1374.629883	2810.442383
1373.570313	2798.036865
1372.509766	2686.570313
1371.450195	2803.897461
1370.389648	2687.762207
1369.329102	2720.179199
1368.267578	2736.085205
1367.207031	2730.778564
1366.145508	2847.967285
1365.083984	2812.021729
1364.022461	2757.254395
1362.960938	2801.383057
1361.898438	2739.580566
1360.835938	2703.688477
1359.773438	2679.574707
1358.709961	2709.568359
1357.647461	2812.446777
1356.583984	2619.050049
1355.520508	2775.964600
1354.456055	2718.959961
1353.392578	2725.416016
1352.328125	2792.942871
1351.263672	2773.546387
1350.198242	2787.029541
1349.133789	2753.557617
1348.068359	2724.793945
1347.002930	2778.167480
1345.937500	2744.718506
1344.871094	2844.971680
1343.805664	2881.868896
1342.739258	2752.299072
1341.671875	2918.112305
1340.605469	2903.414795
1339.538086	2886.380371
1338.470703	2813.137451
1337.403320	2835.940674
1336.335938	2910.242188
1335.267578	2848.745117
1334.199219	2880.885986
1333.130859	2952.788330
1332.062500	3071.444092
1330.993164	2935.124512
1329.923828	2894.731689
1328.854492	2964.229248
1327.785156	3036.033203
1326.714844	2937.226807
1325.645508	2962.280762
1324.575195	3052.722412
1323.503906	2993.674072
1322.433594	3100.410889
1321.362305	2971.353271
1320.291016	2975.368164
1319.219727	2956.050049
1318.147461	2983.392090
1317.075195	2957.083740
1316.002930	3024.049805
1314.930664	3063.013184
1313.858398	2868.904297
1312.785156	2835.652832
1311.711914	2960.823486
1310.638672	2976.475098
1309.565430	3008.418945
1308.491211	2970.508789
1307.416992	3032.696533
1306.342773	2976.181396
1305.267578	3012.749023
1304.193359	2946.958740
1303.118164	2941.658447
1302.042969	2920.085449
1300.966797	3017.066162
1299.891602	3069.849854
1298.815430	3041.291992
1297.739258	2984.872070
1296.663086	3016.725830
1295.585938	3092.679932
1294.508789	3024.678223
1293.431641	3058.822021
1292.354492	3016.380615
1291.276367	3069.068604
1290.198242	3054.474121
1289.120117	3039.885742
1288.041992	3083.259521
1286.963867	3101.118896
1285.884766	3132.873047
1284.805664	3125.229004
1283.726563	3055.051025
1282.646484	3021.954346
1281.566406	3014.339111
1280.486328	3120.144287
1279.406250	3059.284668
1278.326172	3060.919434
1277.245117	3106.502197
1276.164063	3140.501465
1275.083008	3107.434814
1274.000977	3014.281982
1272.918945	3066.766357
1271.836914	3103.053223
1270.754883	3111.603271
1269.672852	3097.054199
1268.589844	3133.309082
1267.506836	3088.750488
1266.423828	3129.606201
1265.339844	3154.291260
1264.256836	3137.440186
1263.172852	3219.772461
1262.088867	3142.959473
1261.003906	3119.204834
1259.919922	3159.997070
1258.834961	3108.595947
1257.749023	3124.029053
1256.664063	3146.364990
1255.578125	3154.873779
1254.492188	3142.657471
1253.406250	3197.198486
1252.320313	3180.374756
1251.233398	3246.385986
1250.146484	3245.659912
1249.059570	3341.522705
1247.972656	3368.365723
1246.884766	3335.429688
1245.796875	3339.279053
1244.708984	3384.484619
1243.620117	3319.405518
1242.532227	3463.350342
1241.443359	3340.878418
1240.354492	3351.607178
1239.264648	3424.298584
1238.175781	3373.049072
1237.085938	3379.173828
1235.996094	3408.231201
1234.905273	3347.846191
1233.814453	3310.413330
1232.724609	3334.881104
1231.632813	3260.803223
1230.541992	3367.745850
1229.450195	3298.273926
1228.358398	3391.419434
1227.266602	3342.577393
1226.174805	3250.267578
1225.082031	3228.939697
1223.989258	3326.590820
1222.896484	3289.242920
1221.802734	3135.281494
1220.709961	3230.600342
1219.616211	3161.296143
1218.522461	3188.006104
1217.427734	3274.108154
1216.333008	3166.007324
1215.239258	3199.548096
1214.143555	3251.339111
1213.048828	3177.556396
1211.953125	3172.272949
1210.857422	3340.400391
1209.761719	3214.179199
1208.665039	3290.993652
1207.569336	3281.127441
1206.472656	3328.255859
1205.375000	3297.872803
1204.278320	3347.253906
1203.180664	3307.767090
1202.083008	3416.339111
1200.985352	3290.325928
1199.886719	3241.771729
1198.789063	3229.655029
1197.690430	3215.267822
1196.590820	3253.211426
1195.492188	3347.998535
1194.392578	3313.127686
1193.292969	3269.178467
1192.193359	3311.619141
1191.092773	3406.304932
1189.992188	3391.897705
1188.891602	3477.435791
1187.791016	3453.934326
1186.689453	3412.280762
1185.587891	3406.962646
1184.486328	3458.378174
1183.384766	3514.307373
1182.282227	3520.309326
1181.179688	3492.291992
1180.077148	3527.769043
1178.974609	3397.760986
1177.871094	3460.436279
1176.767578	3461.910156
1175.664063	3442.996338
1174.560547	3471.647705
1173.456055	3430.098633
1172.351563	3352.351074
1171.247070	3424.000000
1170.141602	3477.515381
1169.037109	3474.455566
1167.931641	3369.629150
1166.825195	3427.640625
1165.719727	3481.104248
1164.613281	3475.784424
1163.506836	3479.504150
1162.400391	3510.328613
1161.292969	3441.769531
1160.185547	3483.876709
1159.078125	3523.706787
1157.970703	3509.354248
1156.862305	3476.957275
1155.753906	3417.505615
1154.645508	3477.609619
1153.537109	3377.598877
1152.427734	3421.903809
1151.318359	3369.278564
1150.208984	3409.057617
1149.099609	3399.259521
1147.989258	3249.832764
1146.878906	3282.855713
1145.768555	3387.897705
1144.657227	3245.327637
1143.546875	3262.576660
1142.435547	3264.070801
1141.323242	3276.808594
1140.211914	3251.315918
1139.099609	3250.562012
1137.987305	3371.170166
1136.875000	3305.227051
1135.761719	3362.866455
1134.648438	3382.298340
1133.535156	3390.494141
1132.421875	3421.134033
1131.307617	3557.241943
1130.193359	3441.980957
1129.079102	3521.937988
1127.963867	3639.983887
1126.849609	3601.018311
1125.734375	3703.298096
1124.618164	3659.852539
1123.502930	3701.571777
1122.386719	3727.590088
1121.270508	3731.199463
1120.154297	3710.176758
1119.037109	3597.381836
1117.919922	3641.302490
1116.802734	3640.451416
1115.685547	3552.357178
1114.567383	3571.654785
1113.449219	3490.324707
1112.331055	3467.153320
1111.211914	3488.690430
1110.093750	3405.200928
1108.974609	3431.208984
1107.854492	3417.004639
1106.735352	3282.234375
1105.615234	3419.865967
1104.495117	3369.964355
1103.375000	3302.235596
1102.253906	3343.843262
1101.132813	3336.366699
1100.011719	3346.730469
1098.890625	3359.318115
1097.768555	3282.754395
1096.646484	3404.526855
1095.524414	3307.939453
1094.401367	3425.193115
1093.278320	3272.982422
1092.155273	3310.052490
1091.032227	3280.340332
1089.909180	3290.690918
1088.785156	3256.547607
1087.661133	3229.091553
1086.536133	3270.572510
1085.411133	3205.336670
1084.286133	3311.249756
1083.161133	3268.252197
1082.036133	3343.001465
1080.910156	3308.898682
1079.784180	3363.619873
1078.658203	3307.330566
1077.531250	3317.641846
1076.404297	3312.417725
1075.277344	3313.849609
1074.150391	3306.409912
1073.022461	3347.748535
1071.894531	3411.232178
1070.766602	3273.029297
1069.637695	3309.913818
1068.508789	3457.527344
1067.379883	3374.770996
1066.250977	3464.736572
1065.121094	3497.111572
1063.992188	3449.808594
1062.861328	3451.198242
1061.731445	3441.527588
1060.600586	3524.733643
1059.469727	3506.206299
1058.338867	3423.591553
1057.207031	3478.015137
1056.076172	3421.955078
1054.944336	3332.791992
1053.811523	3316.537842
1052.678711	3340.027100
1051.546875	3277.430420
1050.413086	3331.807373
1049.280273	3445.718994
1048.146484	3277.279297
1047.012695	3366.894287
1045.878906	3427.808594
1044.744141	3398.335449
1043.609375	3527.514893
1042.474609	3691.876221
1041.339844	3735.033447
1040.204102	3833.212891
1039.068359	3742.041016
1037.932617	3743.340576
1036.795898	3700.636230
1035.659180	3600.761963
1034.522461	3542.717529
1033.385742	3491.296387
1032.248047	3424.513184
1031.110352	3417.093994
1029.972656	3510.737793
1028.833984	3465.960938
1027.695313	3471.710449
1026.556641	3457.698730
1025.417969	3434.913574
1024.278320	3363.864502
1023.138672	3468.350586
1021.999023	3509.181641
1020.859375	3376.768555
1019.718750	3459.252197
1018.578125	3438.687988
1017.436523	3415.942139
1016.295898	3382.253906
1015.154297	3390.192383
1014.012695	3367.472900
1012.870117	3432.323486
1011.727539	3462.126709
1010.584961	3404.397949
1009.442383	3453.878906
1008.298828	3492.400635
1007.155273	3697.063232
1006.011719	3836.051758
1004.868164	4232.831543
1003.723633	4629.416992
1002.579102	4973.387207
1001.434570	5087.905762
1000.289063	4684.968750
999.143555	4498.303223
997.998047	4501.566895
996.851563	4319.399414
995.705078	4403.399902
994.558594	4384.877441
993.412109	4329.304688
992.264648	4513.490234
991.117188	4388.188477
989.969727	4330.475586
988.822266	4457.900879
987.673828	4489.463867
986.525391	4521.010742
985.375977	4476.375977
984.227539	4429.585938
983.078125	4439.371094
981.928711	4362.168457
980.778320	4369.789551
979.627930	4431.743652
978.477539	4471.936523
977.327148	4284.005371
976.175781	4335.073242
975.024414	4340.516602
973.873047	4402.397461
972.720703	4386.117188
971.568359	4358.995605
970.416016	4488.068848
969.263672	4640.932617
968.110352	4607.261230
966.957031	4560.600586
965.803711	4620.146973
964.649414	4590.836426
963.495117	4565.871582
962.340820	4540.918457
961.185547	4537.625488
960.030273	4512.689941
958.875000	4390.394043
957.719727	4333.056641
956.563477	4271.421387
955.407227	4218.464844
954.250977	4033.672119
953.093750	4080.211670
951.937500	4100.800293
950.779297	3933.453125
949.622070	3874.164551
948.463867	3842.971680
947.305664	3932.665771
946.147461	3836.735352
944.988281	3790.471436
943.829102	3806.777588
942.669922	3799.355957
941.510742	3755.289795
940.350586	3836.246338
939.190430	3790.036865
938.029297	3689.997070
936.868164	3764.446289
935.707031	3778.572266
934.545898	3829.283203
933.383789	3830.472656
932.222656	3829.509766
931.059570	3746.813477
929.897461	3737.269287
928.734375	3667.534912
927.571289	3698.849854
926.407227	3755.932617
925.244141	3705.577637
924.080078	3674.576172
922.915039	3733.766846
921.750977	3666.281494
920.585938	3744.756836
919.420898	3745.955566
918.254883	3856.543457
917.088867	3846.990234
915.922852	3871.742188
914.756836	3836.468994
913.589844	3846.210449
912.422852	3892.363525
911.255859	3917.075928
910.087891	3826.155518
908.919922	3925.790283
907.751953	3832.772217
906.583008	3746.219238
905.414063	3770.933594
904.245117	3731.483398
903.076172	3826.736328
901.906250	3825.761719
900.736328	3788.462158
899.566406	3802.449951
898.395508	3711.782227
897.224609	3777.023682
896.053711	3575.409424
894.881836	3715.342041
893.709961	3737.860840
892.538086	3760.367432
891.365234	3759.405273
890.192383	3830.925781
889.019531	3815.025635
887.846680	3803.394531
886.672852	3764.075684
885.499023	3741.813721
884.325195	3747.240967
883.150391	3735.635986
881.975586	3775.108887
880.800781	3801.795898
879.625000	3898.656982
878.449219	3825.357178
877.273438	3790.359375
876.096680	3863.768066
874.919922	3826.652100
873.743164	3789.554443
872.566406	3867.151855
871.388672	3785.476563
870.210938	3843.930420
869.033203	3823.839600
867.854492	3761.329346
866.675781	3756.114990
865.496094	3818.753906
864.317383	3785.968506
863.137695	3895.189209
861.957031	3849.687256
860.777344	3912.233887
859.596680	3881.572754
858.416016	3944.077148
857.234375	4012.897949
856.052734	3939.913086
854.871094	3847.926514
853.689453	3876.533936
852.506836	3898.782959
851.324219	3942.156982
850.140625	3962.262451
848.958008	3952.779297
847.774414	4029.896729
846.589844	4014.064697
845.405273	3956.020264
844.220703	4161.811523
843.036133	4114.306641
841.851563	3980.342285
840.666016	4042.565186
839.479492	4037.291016
838.293945	4044.665039
837.107422	4011.998535
835.920898	3911.937500
834.733398	3906.699707
833.545898	3924.624268
832.358398	3839.396973
831.169922	3933.085938
829.982422	3898.391357
828.792969	3895.263184
827.604492	3961.525879
826.415039	4008.833252
825.225586	4091.842529
824.036133	4153.796387
822.845703	4110.691406
821.655273	4281.803711
820.463867	4446.526367
819.273438	4690.917480
818.082031	5201.661621
816.889648	5584.172852
815.698242	6436.249023
814.505859	7310.936523
813.312500	7954.591797
812.120117	8409.308594
810.926758	7933.619141
809.732422	7177.529785
808.539063	6442.778320
807.344727	5779.587891
806.149414	5382.525391
804.955078	5037.977539
803.759766	4783.551758
802.564453	4646.360352
801.368164	4354.542480
800.171875	4253.065430
798.975586	4197.608398
797.778320	4146.357422
796.581055	4209.988770
795.383789	4146.233887
794.186523	3971.892090
792.988281	3979.177734
791.790039	4011.491699
790.590820	4035.445313
789.391602	4065.640137
788.192383	3912.392090
786.993164	4015.535889
785.792969	4010.293701
784.592773	3838.436523
783.391602	3939.432861
782.190430	3896.743896
780.989258	4003.911621
779.788086	3963.307129
778.585938	3914.404053
777.383789	3900.875488
776.180664	3953.874756
774.977539	3986.062500
773.774414	3941.357666
772.571289	3780.357422
771.367188	3868.630371
770.163086	3765.863037
768.958008	3825.034424
767.753906	3805.327637
766.547852	3756.590088
765.342773	3801.197510
764.136719	3841.633301
762.930664	3794.995850
761.723633	3777.391846
760.517578	3819.870361
759.310547	3822.976807
758.102539	3842.644043
756.894531	3769.157471
755.686523	3792.965576
754.478516	3676.087891
753.269531	3807.449951
752.060547	3781.603760
750.850586	3747.502686
749.640625	3643.159912
748.430664	3784.714111
747.220703	3637.044434
746.009766	3671.154053
744.798828	3701.115723
743.586914	3592.796143
742.375000	3690.842773
741.163086	3708.396973
739.950195	3711.507080
738.738281	3788.824707
737.524414	3756.875488
736.311523	3753.786621
735.097656	3754.817871
733.883789	3821.739746
732.668945	3719.822266
731.454102	3762.019531
730.239258	3765.101563
729.023438	3759.953369
727.807617	3765.088867
726.591797	3611.929199
725.375000	3730.135254
724.158203	3593.504395
