498.500000	-1718.500000	1819.774414	1187.280029
498.500000	-1718.500000	1818.810547	1249.495605
498.500000	-1718.500000	1817.845703	1319.199463
498.500000	-1718.500000	1816.880859	1264.496094
498.500000	-1718.500000	1815.916016	1253.857178
498.500000	-1718.500000	1814.951172	1206.962280
498.500000	-1718.500000	1813.985352	1245.540771
498.500000	-1718.500000	1813.019531	1172.779053
498.500000	-1718.500000	1812.053711	1237.231689
498.500000	-1718.500000	1811.087891	1268.014893
498.500000	-1718.500000	1810.121094	1244.453125
498.500000	-1718.500000	1809.155273	1282.981323
498.500000	-1718.500000	1808.188477	1316.320679
498.500000	-1718.500000	1807.221680	1222.954468
498.500000	-1718.500000	1806.253906	1274.387085
498.500000	-1718.500000	1805.287109	1256.018433
498.500000	-1718.500000	1804.319336	1291.918457
498.500000	-1718.500000	1803.351563	1281.303833
498.500000	-1718.500000	1802.383789	1268.111084
498.500000	-1718.500000	1801.415039	1257.506226
498.500000	-1718.500000	1800.447266	1252.069336
498.500000	-1718.500000	1799.478516	1285.349976
498.500000	-1718.500000	1798.509766	1272.167969
498.500000	-1718.500000	1797.540039	1289.950439
498.500000	-1718.500000	1796.571289	1276.773071
498.500000	-1718.500000	1795.601563	1212.026001
498.500000	-1718.500000	1794.631836	1211.762451
498.500000	-1718.500000	1793.662109	1242.430908
498.500000	-1718.500000	1792.692383	1293.702759
498.500000	-1718.500000	1791.721680	1357.835083
498.500000	-1718.500000	1790.750977	1210.709473
498.500000	-1718.500000	1789.780273	1261.954834
498.500000	-1718.500000	1788.809570	1305.453491
498.500000	-1718.500000	1787.838867	1305.170044
498.500000	-1718.500000	1786.867188	1243.116943
498.500000	-1718.500000	1785.895508	1302.030396
498.500000	-1718.500000	1784.923828	1299.175415
498.500000	-1718.500000	1783.952148	1234.591919
498.500000	-1718.500000	1782.979492	1288.325928
498.500000	-1718.500000	1782.007813	1288.046631
498.500000	-1718.500000	1781.035156	1336.604858
498.500000	-1718.500000	1780.061523	1300.337524
498.500000	-1718.500000	1779.088867	1300.055786
498.500000	-1718.500000	1778.115234	1238.124878
498.500000	-1718.500000	1777.142578	1245.561279
498.500000	-1718.500000	1776.168945	1286.373413
498.500000	-1718.500000	1775.194336	1324.600708
498.500000	-1718.500000	1774.220703	1298.649048
498.500000	-1718.500000	1773.246094	1326.593506
498.500000	-1718.500000	1772.271484	1310.914185
498.500000	-1718.500000	1771.296875	1356.797729
498.500000	-1718.500000	1770.322266	1341.118652
498.500000	-1718.500000	1769.346680	1251.098267
498.500000	-1718.500000	1768.372070	1271.333252
498.500000	-1718.500000	1767.396484	1342.811768
498.500000	-1718.500000	1766.419922	1365.580322
498.500000	-1718.500000	1765.444336	1326.862671
498.500000	-1718.500000	1764.467773	1303.527466
498.500000	-1718.500000	1763.491211	1326.289673
498.500000	-1718.500000	1762.514648	1318.323730
498.500000	-1718.500000	1761.538086	1364.106567
498.500000	-1718.500000	1760.561523	1379.164795
498.500000	-1718.500000	1759.583984	1327.703247
498.500000	-1718.500000	1758.606445	1304.398071
498.500000	-1718.500000	1757.628906	1362.929932
498.500000	-1718.500000	1756.651367	1377.975220
498.500000	-1718.500000	1755.672852	1349.562256
498.500000	-1718.500000	1754.694336	1362.048584
498.500000	-1718.500000	1753.715820	1443.511475
498.500000	-1718.500000	1752.737305	1379.342041
498.500000	-1718.500000	1751.758789	1356.060791
498.500000	-1718.500000	1750.779297	1343.002563
498.500000	-1718.500000	1749.799805	1411.635986
498.500000	-1718.500000	1748.820313	1380.706421
498.500000	-1718.500000	1747.840820	1372.754395
498.500000	-1718.500000	1746.860352	1395.418335
498.500000	-1718.500000	1745.879883	1430.824951
498.500000	-1718.500000	1744.899414	1427.967163
498.500000	-1718.500000	1743.918945	1394.517822
498.500000	-1718.500000	1742.938477	1378.924927
498.500000	-1718.500000	1741.957031	1452.528931
498.500000	-1718.500000	1740.975586	1452.216675
498.500000	-1718.500000	1739.994141	1423.885376
498.500000	-1718.500000	1739.012695	1479.605713
498.500000	-1718.500000	1738.031250	1461.465088
498.500000	-1718.500000	1737.048828	1435.695435
498.500000	-1718.500000	1736.066406	1486.287354
498.500000	-1718.500000	1735.083984	1473.245850
498.500000	-1718.500000	1734.101563	1503.456421
498.500000	-1718.500000	1733.118164	1536.197510
498.500000	-1718.500000	1732.134766	1568.924561
498.500000	-1718.500000	1731.152344	1604.179810
498.500000	-1718.500000	1730.167969	1616.544189
498.500000	-1718.500000	1729.184570	1621.279785
498.500000	-1718.500000	1728.200195	1570.119019
498.500000	-1718.500000	1727.215820	1648.525391
498.500000	-1718.500000	1726.231445	1622.776367
498.500000	-1718.500000	1725.247070	1622.428345
498.500000	-1718.500000	1724.262695	1642.388306
498.500000	-1718.500000	1723.277344	1728.325684
498.500000	-1718.500000	1722.291992	1733.030029
498.500000	-1718.500000	1721.306641	1732.658691
498.500000	-1718.500000	1720.321289	1711.997070
498.500000	-1718.500000	1719.334961	1711.630371
498.500000	-1718.500000	1718.348633	1706.193359
498.500000	-1718.500000	1717.362305	1698.223999
498.500000	-1718.500000	1716.375977	1715.599121
498.500000	-1718.500000	1715.389648	1679.761841
498.500000	-1718.500000	1714.402344	1621.142456
498.500000	-1718.500000	1713.415039	1656.250366
498.500000	-1718.500000	1712.427734	1658.427856
498.500000	-1718.500000	1711.440430	1683.387085
498.500000	-1718.500000	1710.452148	1710.866455
498.500000	-1718.500000	1709.463867	1644.712036
498.500000	-1718.500000	1708.476563	1758.200562
498.500000	-1718.500000	1707.487305	1712.298218
498.500000	-1718.500000	1706.499023	1691.702515
498.500000	-1718.500000	1705.509766	1731.791382
498.500000	-1718.500000	1704.521484	1787.028931
498.500000	-1718.500000	1703.532227	1809.390747
498.500000	-1718.500000	1702.541992	1806.477539
498.500000	-1718.500000	1701.552734	1773.253418
498.500000	-1718.500000	1700.562500	1836.011230
498.500000	-1718.500000	1699.572266	1886.117432
498.500000	-1718.500000	1698.582031	1910.958374
498.500000	-1718.500000	1697.591797	1822.215698
498.500000	-1718.500000	1696.600586	1882.385986
498.500000	-1718.500000	1695.610352	1967.758057
498.500000	-1718.500000	1694.619141	1906.804565
498.500000	-1718.500000	1693.626953	1913.962524
498.500000	-1718.500000	1692.635742	1966.498291
498.500000	-1718.500000	1691.643555	1898.021973
498.500000	-1718.500000	1690.652344	1948.018555
498.500000	-1718.500000	1689.659180	2008.071777
498.500000	-1718.500000	1688.666992	2030.314453
498.500000	-1718.500000	1687.674805	2105.435303
498.500000	-1718.500000	1686.681641	2044.555908
498.500000	-1718.500000	1685.688477	2107.054688
498.500000	-1718.500000	1684.695313	2124.223389
498.500000	-1718.500000	1683.702148	2043.248291
498.500000	-1718.500000	1682.708008	2065.454590
498.500000	-1718.500000	1681.713867	2145.502197
498.500000	-1718.500000	1680.719727	2240.603760
498.500000	-1718.500000	1679.725586	2182.300293
498.500000	-1718.500000	1678.731445	2134.076172
498.500000	-1718.500000	1677.736328	2281.894287
498.500000	-1718.500000	1676.741211	2273.870361
498.500000	-1718.500000	1675.746094	2150.296631
498.500000	-1718.500000	1674.750977	2237.740967
498.500000	-1718.500000	1673.754883	2217.176514
498.500000	-1718.500000	1672.758789	2244.319092
498.500000	-1718.500000	1671.762695	2261.410400
498.500000	-1718.500000	1670.766602	2303.587891
498.500000	-1718.500000	1669.770508	2335.712158
498.500000	-1718.500000	1668.773438	2239.899902
498.500000	-1718.500000	1667.776367	2199.299072
498.500000	-1718.500000	1666.779297	2264.018555
498.500000	-1718.500000	1665.782227	2233.456543
498.500000	-1718.500000	1664.784180	2240.499756
498.500000	-1718.500000	1663.787109	2209.955566
498.500000	-1718.500000	1662.789063	2219.505615
498.500000	-1718.500000	1661.791016	2133.878662
498.500000	-1718.500000	1660.791992	2148.448730
498.500000	-1718.500000	1659.793945	2180.537109
498.500000	-1718.500000	1658.794922	2109.990479
498.500000	-1718.500000	1657.795898	2169.599854
498.500000	-1718.500000	1656.796875	2174.142334
498.500000	-1718.500000	1655.796875	2081.129639
498.500000	-1718.500000	1654.797852	2133.204590
498.500000	-1718.500000	1653.797852	2060.242432
498.500000	-1718.500000	1652.797852	2109.799805
498.500000	-1718.500000	1651.796875	2084.358887
498.500000	-1718.500000	1650.796875	2121.396240
498.500000	-1718.500000	1649.795898	2055.992920
498.500000	-1718.500000	1648.794922	2160.456787
498.500000	-1718.500000	1647.793945	2204.945557
498.500000	-1718.500000	1646.792969	2129.579590
498.500000	-1718.500000	1645.791016	2231.465088
498.500000	-1718.500000	1644.789063	2280.901123
498.500000	-1718.500000	1643.787109	2297.881592
498.500000	-1718.500000	1642.785156	2392.182617
498.500000	-1718.500000	1641.782227	2543.803955
498.500000	-1718.500000	1640.780273	2475.941895
498.500000	-1718.500000	1639.777344	2527.766113
498.500000	-1718.500000	1638.773438	2417.566406
498.500000	-1718.500000	1637.770508	2369.708496
498.500000	-1718.500000	1636.766602	2411.556885
498.500000	-1718.500000	1635.763672	2328.850098
498.500000	-1718.500000	1634.759766	2300.963135
498.500000	-1718.500000	1633.754883	2158.562256
498.500000	-1718.500000	1632.750977	2170.549561
498.500000	-1718.500000	1631.746094	2000.861694
498.500000	-1718.500000	1630.741211	2097.472900
498.500000	-1718.500000	1629.736328	2019.912842
498.500000	-1718.500000	1628.731445	1917.515015
498.500000	-1718.500000	1627.725586	2011.595703
498.500000	-1718.500000	1626.720703	1906.756958
498.500000	-1718.500000	1625.714844	1854.157471
498.500000	-1718.500000	1624.708008	1905.947632
498.500000	-1718.500000	1623.702148	1885.667847
498.500000	-1718.500000	1622.695313	1897.687012
498.500000	-1718.500000	1621.688477	1889.834229
498.500000	-1718.500000	1620.681641	1874.536255
498.500000	-1718.500000	1619.674805	1861.726929
498.500000	-1718.500000	1618.667969	1858.850098
498.500000	-1718.500000	1617.660156	1813.793091
498.500000	-1718.500000	1616.652344	1858.061279
498.500000	-1718.500000	1615.644531	1857.666992
498.500000	-1718.500000	1614.635742	1785.362427
498.500000	-1718.500000	1613.627930	1851.920532
498.500000	-1718.500000	1612.619141	1769.733276
498.500000	-1718.500000	1611.610352	1804.051147
498.500000	-1718.500000	1610.601563	1828.444092
498.500000	-1718.500000	1609.591797	1855.303589
498.500000	-1718.500000	1608.582031	1869.769165
498.500000	-1718.500000	1607.572266	1824.804688
498.500000	-1718.500000	1606.562500	1977.896362
498.500000	-1718.500000	1605.552734	2007.176147
498.500000	-1718.500000	1604.541992	2113.150146
498.500000	-1718.500000	1603.532227	2117.649658
498.500000	-1718.500000	1602.520508	2112.253906
498.500000	-1718.500000	1601.509766	2087.077393
498.500000	-1718.500000	1600.499023	2059.439209
498.500000	-1718.500000	1599.487305	2041.699951
498.500000	-1718.500000	1598.475586	1942.416260
498.500000	-1718.500000	1597.463867	1917.296875
498.500000	-1718.500000	1596.452148	1926.771118
498.500000	-1718.500000	1595.439453	1909.074585
498.500000	-1718.500000	1594.426758	1898.792969
498.500000	-1718.500000	1593.414063	1831.736816
498.500000	-1718.500000	1592.401367	1804.198975
498.500000	-1718.500000	1591.388672	1705.112305
498.500000	-1718.500000	1590.375000	1746.690918
498.500000	-1718.500000	1589.361328	1766.052979
498.500000	-1718.500000	1588.347656	1834.727295
498.500000	-1718.500000	1587.333984	1735.717896
498.500000	-1718.500000	1586.319336	1801.904419
498.500000	-1718.500000	1585.304688	1875.456177
498.500000	-1718.500000	1584.290039	1776.500854
498.500000	-1718.500000	1583.275391	1785.977661
498.500000	-1718.500000	1582.260742	1758.507080
498.500000	-1718.500000	1581.245117	1770.446045
498.500000	-1718.500000	1580.229492	1821.769409
498.500000	-1718.500000	1579.213867	1833.689697
498.500000	-1718.500000	1578.198242	1784.084717
498.500000	-1718.500000	1577.181641	1695.136108
498.500000	-1718.500000	1576.166016	1751.351074
498.500000	-1718.500000	1575.149414	1817.379150
498.500000	-1718.500000	1574.131836	1706.351318
498.500000	-1718.500000	1573.115234	1708.447632
498.500000	-1718.500000	1572.097656	1774.442505
498.500000	-1718.500000	1571.081055	1842.866577
498.500000	-1718.500000	1570.062500	1835.105713
498.500000	-1718.500000	1569.044922	1731.559814
498.500000	-1718.500000	1568.027344	1804.860229
498.500000	-1718.500000	1567.008789	1787.291870
498.500000	-1718.500000	1565.990234	1833.549316
498.500000	-1718.500000	1564.971680	1732.545044
498.500000	-1718.500000	1563.952148	1778.794312
498.500000	-1718.500000	1562.933594	1820.117676
498.500000	-1718.500000	1561.914063	1846.708740
498.500000	-1718.500000	1560.894531	1821.797485
498.500000	-1718.500000	1559.874023	1784.639648
498.500000	-1718.500000	1558.854492	1772.006470
498.500000	-1718.500000	1557.833984	1835.340576
498.500000	-1718.500000	1556.813477	1847.200439
498.500000	-1718.500000	1555.792969	1814.967041
498.500000	-1718.500000	1554.772461	1834.172607
498.500000	-1718.500000	1553.750977	1814.196899
498.500000	-1718.500000	1552.729492	1848.080933
498.500000	-1718.500000	1551.708008	1774.270752
498.500000	-1718.500000	1550.686523	1813.042236
498.500000	-1718.500000	1549.664063	1827.334839
498.500000	-1718.500000	1548.642578	1836.729858
498.500000	-1718.500000	1547.620117	1811.888062
498.500000	-1718.500000	1546.597656	1850.618286
498.500000	-1718.500000	1545.574219	1813.563110
498.500000	-1718.500000	1544.551758	1776.523682
498.500000	-1718.500000	1543.528320	1746.829102
498.500000	-1718.500000	1542.504883	1778.212036
498.500000	-1718.500000	1541.480469	1760.739990
498.500000	-1718.500000	1540.457031	1799.431152
498.500000	-1718.500000	1539.432617	1764.874512
498.500000	-1718.500000	1538.408203	1808.429321
498.500000	-1718.500000	1537.383789	1764.125122
498.500000	-1718.500000	1536.359375	1805.221802
498.500000	-1718.500000	1535.333984	1792.643677
498.500000	-1718.500000	1534.308594	1745.932251
498.500000	-1718.500000	1533.283203	1757.751221
498.500000	-1718.500000	1532.257813	1733.003662
498.500000	-1718.500000	1531.231445	1742.383179
498.500000	-1718.500000	1530.205078	1863.832153
498.500000	-1718.500000	1529.179688	1870.743774
498.500000	-1718.500000	1528.152344	1824.074707
498.500000	-1718.500000	1527.125977	1784.729980
498.500000	-1718.500000	1526.098633	1823.299683
498.500000	-1718.500000	1525.071289	1852.117798
498.500000	-1718.500000	1524.043945	1732.493652
498.500000	-1718.500000	1523.016602	1812.406494
498.500000	-1718.500000	1521.989258	1807.156860
498.500000	-1718.500000	1520.960938	1845.680420
498.500000	-1718.500000	1519.932617	1796.663940
498.500000	-1718.500000	1518.904297	1740.375977
498.500000	-1718.500000	1517.875000	1815.341431
498.500000	-1718.500000	1516.846680	1814.955566
498.500000	-1718.500000	1515.817383	1807.282227
498.500000	-1718.500000	1514.788086	1809.326538
498.500000	-1718.500000	1513.757813	1872.072632
498.500000	-1718.500000	1512.728516	1840.115723
498.500000	-1718.500000	1511.698242	1854.286865
498.500000	-1718.500000	1510.667969	1824.773682
498.500000	-1718.500000	1509.637695	1768.586548
498.500000	-1718.500000	1508.606445	1843.401611
498.500000	-1718.500000	1507.576172	1876.959595
498.500000	-1718.500000	1506.544922	1898.380737
498.500000	-1718.500000	1505.513672	1888.280884
498.500000	-1718.500000	1504.481445	1902.419800
498.500000	-1718.500000	1503.450195	1880.208374
498.500000	-1718.500000	1502.417969	1838.626709
498.500000	-1718.500000	1501.385742	1961.753174
498.500000	-1718.500000	1500.353516	1954.071289
498.500000	-1718.500000	1499.320313	1885.870483
498.500000	-1718.500000	1498.288086	1933.876343
498.500000	-1718.500000	1497.254883	1875.387939
498.500000	-1718.500000	1496.220703	1995.955566
498.500000	-1718.500000	1495.187500	1993.111694
498.500000	-1718.500000	1494.154297	1978.177246
498.500000	-1718.500000	1493.120117	1987.427002
498.500000	-1718.500000	1492.085938	1928.988892
498.500000	-1718.500000	1491.050781	1993.830566
498.500000	-1718.500000	1490.016602	1995.821899
498.500000	-1718.500000	1488.981445	1990.565063
498.500000	-1718.500000	1487.946289	1994.971191
498.500000	-1718.500000	1486.911133	2030.766602
498.500000	-1718.500000	1485.875977	2085.860107
498.500000	-1718.500000	1484.839844	1957.490479
498.500000	-1718.500000	1483.803711	2060.839111
498.500000	-1718.500000	1482.767578	2036.273071
498.500000	-1718.500000	1481.731445	2098.554199
498.500000	-1718.500000	1480.694336	2057.109131
498.500000	-1718.500000	1479.658203	2063.903564
498.500000	-1718.500000	1478.621094	2167.118408
498.500000	-1718.500000	1477.583008	2072.663330
498.500000	-1718.500000	1476.545898	2175.832031
498.500000	-1718.500000	1475.507813	2264.502197
498.500000	-1718.500000	1474.469727	2232.708008
498.500000	-1718.500000	1473.431641	2280.391846
498.500000	-1718.500000	1472.393555	2356.945068
498.500000	-1718.500000	1471.354492	2457.535156
498.500000	-1718.500000	1470.316406	2355.938477
498.500000	-1718.500000	1469.277344	2398.742676
498.500000	-1718.500000	1468.237305	2427.095703
498.500000	-1718.500000	1467.198242	2513.154785
498.500000	-1718.500000	1466.158203	2608.794434
498.500000	-1718.500000	1465.118164	2598.621338
498.500000	-1718.500000	1464.078125	2540.384766
498.500000	-1718.500000	1463.038086	2640.762695
498.500000	-1718.500000	1461.997070	2669.026367
498.500000	-1718.500000	1460.956055	2622.820557
498.500000	-1718.500000	1459.915039	2691.898682
498.500000	-1718.500000	1458.874023	2768.149414
498.500000	-1718.500000	1457.832031	2808.362549
498.500000	-1718.500000	1456.790039	2822.160645
498.500000	-1718.500000	1455.748047	2864.743896
498.500000	-1718.500000	1454.706055	2751.388916
498.500000	-1718.500000	1453.664063	2813.154785
498.500000	-1718.500000	1452.621094	2788.575195
498.500000	-1718.500000	1451.578125	2809.553223
498.500000	-1718.500000	1450.535156	2878.456543
498.500000	-1718.500000	1449.492188	2853.878174
498.500000	-1718.500000	1448.448242	2810.144775
498.500000	-1718.500000	1447.404297	2780.800781
498.500000	-1718.500000	1446.360352	2804.151611
498.500000	-1718.500000	1445.316406	2659.901855
498.500000	-1718.500000	1444.272461	2719.172852
498.500000	-1718.500000	1443.227539	2723.376465
498.500000	-1718.500000	1442.182617	2619.910400
498.500000	-1718.500000	1441.137695	2619.348633
498.500000	-1718.500000	1440.091797	2566.172119
498.500000	-1718.500000	1439.046875	2532.146973
498.500000	-1718.500000	1438.000977	2557.900146
498.500000	-1718.500000	1436.955078	2514.330566
498.500000	-1718.500000	1435.908203	2549.634033
498.500000	-1718.500000	1434.862305	2443.969971
498.500000	-1718.500000	1433.815430	2493.604248
498.500000	-1718.500000	1432.768555	2454.861084
498.500000	-1718.500000	1431.721680	2408.971924
498.500000	-1718.500000	1430.673828	2506.320557
498.500000	-1718.500000	1429.625977	2450.893799
498.500000	-1718.500000	1428.578125	2440.823730
498.500000	-1718.500000	1427.530273	2483.237305
498.500000	-1718.500000	1426.482422	2504.167969
498.500000	-1718.500000	1425.433594	2551.318115
498.500000	-1718.500000	1424.384766	2445.878418
498.500000	-1718.500000	1423.335938	2423.902100
498.500000	-1718.500000	1422.287109	2482.952881
498.500000	-1718.500000	1421.237305	2418.095215
498.500000	-1718.500000	1420.188477	2484.266846
498.500000	-1718.500000	1419.138672	2443.249756
498.500000	-1718.500000	1418.087891	2416.535156
498.500000	-1718.500000	1417.038086	2430.297119
498.500000	-1718.500000	1415.987305	2472.610352
498.500000	-1718.500000	1414.936523	2438.768066
498.500000	-1718.500000	1413.885742	2445.379395
498.500000	-1718.500000	1412.834961	2416.313721
498.500000	-1718.500000	1411.783203	2482.370361
498.500000	-1718.500000	1410.731445	2410.518555
498.500000	-1718.500000	1409.679688	2507.445068
498.500000	-1718.500000	1408.627930	2537.795410
498.500000	-1718.500000	1407.575195	2608.519531
498.500000	-1718.500000	1406.522461	2676.837646
498.500000	-1718.500000	1405.469727	2600.270996
498.500000	-1718.500000	1404.416992	2594.961914
498.500000	-1718.500000	1403.363281	2677.479980
498.500000	-1718.500000	1402.310547	2591.469482
498.500000	-1718.500000	1401.256836	2652.598633
498.500000	-1718.500000	1400.202148	2604.583984
498.500000	-1718.500000	1399.148438	2580.305664
498.500000	-1718.500000	1398.093750	2605.830566
498.500000	-1718.500000	1397.039063	2562.597412
498.500000	-1718.500000	1395.984375	2445.910645
498.500000	-1718.500000	1394.929688	2407.469482
498.500000	-1718.500000	1393.874023	2551.461182
498.500000	-1718.500000	1392.818359	2472.748047
498.500000	-1718.500000	1391.762695	2510.102051
498.500000	-1718.500000	1390.707031	2597.157227
498.500000	-1718.500000	1389.651367	2464.043945
498.500000	-1718.500000	1388.594727	2496.641846
498.500000	-1718.500000	1387.538086	2394.364746
498.500000	-1718.500000	1386.481445	2434.059570
498.500000	-1718.500000	1385.423828	2485.561768
498.500000	-1718.500000	1384.366211	2473.201660
498.500000	-1718.500000	1383.308594	2458.482666
498.500000	-1718.500000	1382.250977	2439.042969
498.500000	-1718.500000	1381.193359	2483.409912
498.500000	-1718.500000	1380.134766	2480.509521
498.500000	-1718.500000	1379.076172	2569.723633
498.500000	-1718.500000	1378.017578	2583.334961
498.500000	-1718.500000	1376.958984	2511.949219
498.500000	-1718.500000	1375.899414	2424.072021
498.500000	-1718.500000	1374.839844	2364.550537
498.500000	-1718.500000	1373.780273	2427.739258
498.500000	-1718.500000	1372.720703	2427.212646
498.500000	-1718.500000	1371.661133	2412.536133
498.500000	-1718.500000	1370.600586	2315.343506
498.500000	-1718.500000	1369.540039	2291.268066
498.500000	-1718.500000	1368.479492	2269.559814
498.500000	-1718.500000	1367.417969	2273.779297
498.500000	-1718.500000	1366.356445	2322.755859
498.500000	-1718.500000	1365.294922	2369.355713
498.500000	-1718.500000	1364.233398	2328.810791
498.500000	-1718.500000	1363.171875	2342.429688
498.500000	-1718.500000	1362.109375	2278.370850
498.500000	-1718.500000	1361.046875	2284.934814
498.500000	-1718.500000	1359.984375	2256.205811
498.500000	-1718.500000	1358.921875	2293.349365
498.500000	-1718.500000	1357.858398	2231.707764
498.500000	-1718.500000	1356.794922	2320.564941
498.500000	-1718.500000	1355.731445	2411.733643
498.500000	-1718.500000	1354.667969	2319.554443
498.500000	-1718.500000	1353.603516	2347.244385
498.500000	-1718.500000	1352.540039	2356.129150
498.500000	-1718.500000	1351.475586	2357.964355
498.500000	-1718.500000	1350.410156	2317.533447
498.500000	-1718.500000	1349.345703	2317.028076
498.500000	-1718.500000	1348.280273	2349.381348
498.500000	-1718.500000	1347.214844	2414.571533
498.500000	-1718.500000	1346.149414	2395.276611
498.500000	-1718.500000	1345.083008	2486.228271
498.500000	-1718.500000	1344.017578	2443.475830
498.500000	-1718.500000	1342.951172	2414.808594
498.500000	-1718.500000	1341.884766	2477.568359
498.500000	-1718.500000	1340.817383	2369.228271
498.500000	-1718.500000	1339.750977	2424.941162
498.500000	-1718.500000	1338.683594	2422.068848
498.500000	-1718.500000	1337.616211	2334.888428
498.500000	-1718.500000	1336.547852	2442.082520
498.500000	-1718.500000	1335.480469	2385.366943
498.500000	-1718.500000	1334.412109	2380.164307
498.500000	-1718.500000	1333.343750	2407.721924
498.500000	-1718.500000	1332.274414	2437.606445
498.500000	-1718.500000	1331.206055	2458.122559
498.500000	-1718.500000	1330.136719	2406.140869
498.500000	-1718.500000	1329.067383	2457.045898
498.500000	-1718.500000	1327.998047	2463.519531
498.500000	-1718.500000	1326.927734	2385.865479
498.500000	-1718.500000	1325.857422	2462.439697
498.500000	-1718.500000	1324.787109	2398.833984
498.500000	-1718.500000	1323.716797	2409.984131
498.500000	-1718.500000	1322.646484	2395.447021
498.500000	-1718.500000	1321.575195	2392.587158
498.500000	-1718.500000	1320.503906	2431.735107
498.500000	-1718.500000	1319.432617	2454.533447
498.500000	-1718.500000	1318.360352	2456.326904
498.500000	-1718.500000	1317.289063	2374.161133
498.500000	-1718.500000	1316.216797	2396.956055
498.500000	-1718.500000	1315.144531	2508.324951
498.500000	-1718.500000	1314.071289	2477.475098
498.500000	-1718.500000	1312.999023	2483.920654
498.500000	-1718.500000	1311.925781	2432.122559
498.500000	-1718.500000	1310.851563	2405.967285
498.500000	-1718.500000	1309.778320	2412.423584
498.500000	-1718.500000	1308.704102	2428.189209
498.500000	-1718.500000	1307.630859	2513.774414
498.500000	-1718.500000	1306.556641	2469.006836
498.500000	-1718.500000	1305.481445	2435.891113
498.500000	-1718.500000	1304.407227	2521.417480
498.500000	-1718.500000	1303.332031	2453.421631
498.500000	-1718.500000	1302.256836	2531.930908
498.500000	-1718.500000	1301.180664	2452.339600
498.500000	-1718.500000	1300.105469	2493.630371
498.500000	-1718.500000	1299.029297	2490.756592
498.500000	-1718.500000	1297.953125	2497.175537
498.500000	-1718.500000	1296.876953	2419.983643
498.500000	-1718.500000	1295.799805	2519.291992
498.500000	-1718.500000	1294.722656	2500.164063
498.500000	-1718.500000	1293.645508	2506.574463
498.500000	-1718.500000	1292.568359	2522.262939
498.500000	-1718.500000	1291.491211	2537.944336
498.500000	-1718.500000	1290.413086	2662.628662
498.500000	-1718.500000	1289.334961	2515.952148
498.500000	-1718.500000	1288.256836	2566.398682
498.500000	-1718.500000	1287.177734	2575.101807
498.500000	-1718.500000	1286.098633	2664.906738
498.500000	-1718.500000	1285.019531	2634.197998
498.500000	-1718.500000	1283.940430	2693.837891
498.500000	-1718.500000	1282.861328	2644.609619
498.500000	-1718.500000	1281.781250	2782.938721
498.500000	-1718.500000	1280.701172	2705.935059
498.500000	-1718.500000	1279.621094	2679.878174
498.500000	-1718.500000	1278.540039	2751.008789
498.500000	-1718.500000	1277.459961	2745.771729
498.500000	-1718.500000	1276.378906	2722.035400
498.500000	-1718.500000	1275.297852	2675.187256
498.500000	-1718.500000	1274.215820	2808.669434
498.500000	-1718.500000	1273.134766	2757.199951
498.500000	-1718.500000	1272.052734	2821.284912
498.500000	-1718.500000	1270.969727	2779.075439
498.500000	-1718.500000	1269.887695	2875.460693
498.500000	-1718.500000	1268.804688	2724.729980
498.500000	-1718.500000	1267.721680	2830.318115
498.500000	-1718.500000	1266.638672	2771.986328
498.500000	-1718.500000	1265.555664	2845.210693
498.500000	-1718.500000	1264.471680	2773.058838
498.500000	-1718.500000	1263.387695	2816.264893
498.500000	-1718.500000	1262.303711	2829.473145
498.500000	-1718.500000	1261.219727	2688.207031
498.500000	-1718.500000	1260.134766	2747.537109
498.500000	-1718.500000	1259.049805	2634.005127
498.500000	-1718.500000	1257.964844	2780.870361
498.500000	-1718.500000	1256.879883	2849.352783
498.500000	-1718.500000	1255.793945	2775.022705
498.500000	-1718.500000	1254.708008	2884.918457
498.500000	-1718.500000	1253.622070	2854.349365
498.500000	-1718.500000	1252.536133	2842.204346
498.500000	-1718.500000	1251.449219	2786.348145
498.500000	-1718.500000	1250.362305	2882.339600
498.500000	-1718.500000	1249.275391	2883.994629
498.500000	-1718.500000	1248.188477	2936.233643
498.500000	-1718.500000	1247.100586	2917.185791
498.500000	-1718.500000	1246.012695	2932.620605
498.500000	-1718.500000	1244.924805	2803.288086
498.500000	-1718.500000	1243.836914	2894.550293
498.500000	-1718.500000	1242.748047	2882.417725
498.500000	-1718.500000	1241.659180	2863.401611
498.500000	-1718.500000	1240.570313	2791.592041
498.500000	-1718.500000	1239.481445	2839.164795
498.500000	-1718.500000	1238.391602	2836.232910
498.500000	-1718.500000	1237.301758	2883.773682
498.500000	-1718.500000	1236.211914	2851.014893
498.500000	-1718.500000	1235.122070	2958.151855
498.500000	-1718.500000	1234.031250	2755.736084
498.500000	-1718.500000	1232.940430	2755.116455
498.500000	-1718.500000	1231.849609	2781.995850
498.500000	-1718.500000	1230.758789	2797.407715
498.500000	-1718.500000	1229.666992	2783.034668
498.500000	-1718.500000	1228.575195	2686.226074
498.500000	-1718.500000	1227.483398	2687.910889
498.500000	-1718.500000	1226.391602	2717.062500
498.500000	-1718.500000	1225.298828	2652.372070
498.500000	-1718.500000	1224.206055	2589.998779
498.500000	-1718.500000	1223.113281	2593.989502
498.500000	-1718.500000	1222.020508	2508.787109
498.500000	-1718.500000	1220.926758	2604.251465
498.500000	-1718.500000	1219.833008	2491.653564
498.500000	-1718.500000	1218.739258	2566.509277
498.500000	-1718.500000	1217.645508	2595.633057
498.500000	-1718.500000	1216.550781	2480.827881
498.500000	-1718.500000	1215.456055	2578.472900
498.500000	-1718.500000	1214.361328	2550.489746
498.500000	-1718.500000	1213.265625	2476.862549
498.500000	-1718.500000	1212.170898	2528.795166
498.500000	-1718.500000	1211.075195	2589.831055
498.500000	-1718.500000	1209.979492	2543.619385
498.500000	-1718.500000	1208.882813	2597.781250
498.500000	-1718.500000	1207.787109	2665.599854
498.500000	-1718.500000	1206.690430	2712.869873
498.500000	-1718.500000	1205.592773	2637.041016
498.500000	-1718.500000	1204.496094	2620.491943
498.500000	-1718.500000	1203.398438	2736.084229
498.500000	-1718.500000	1202.300781	2730.907715
498.500000	-1718.500000	1201.203125	2700.685059
498.500000	-1718.500000	1200.105469	2684.135254
498.500000	-1718.500000	1199.006836	2544.683105
498.500000	-1718.500000	1197.908203	2605.545410
498.500000	-1718.500000	1196.809570	2552.626465
498.500000	-1718.500000	1195.709961	2574.791260
498.500000	-1718.500000	1194.610352	2576.479492
498.500000	-1718.500000	1193.510742	2534.969727
498.500000	-1718.500000	1192.411133	2557.122559
498.500000	-1718.500000	1191.311523	2601.989502
498.500000	-1718.500000	1190.210938	2517.333984
498.500000	-1718.500000	1189.110352	2532.660400
498.500000	-1718.500000	1188.009766	2550.250244
498.500000	-1718.500000	1186.908203	2447.500000
498.500000	-1718.500000	1185.806641	2603.563965
498.500000	-1718.500000	1184.705078	2571.198486
498.500000	-1718.500000	1183.603516	2581.955566
498.500000	-1718.500000	1182.500977	2638.074219
498.500000	-1718.500000	1181.398438	2617.060791
498.500000	-1718.500000	1180.295898	2652.739258
498.500000	-1718.500000	1179.193359	2649.865967
498.500000	-1718.500000	1178.089844	2651.525879
498.500000	-1718.500000	1176.986328	2514.974609
498.500000	-1718.500000	1175.882813	2607.272949
498.500000	-1718.500000	1174.779297	2636.116943
498.500000	-1718.500000	1173.674805	2547.209717
498.500000	-1718.500000	1172.570313	2603.217529
498.500000	-1718.500000	1171.465820	2622.989014
498.500000	-1718.500000	1170.361328	2620.124756
498.500000	-1718.500000	1169.255859	2599.164551
498.500000	-1718.500000	1168.150391	2686.769775
498.500000	-1718.500000	1167.044922	2656.759033
498.500000	-1718.500000	1165.938477	2728.486328
498.500000	-1718.500000	1164.833008	2678.138428
498.500000	-1718.500000	1163.726563	2666.225342
498.500000	-1718.500000	1162.619141	2591.065430
498.500000	-1718.500000	1161.512695	2739.528564
498.500000	-1718.500000	1160.405273	2734.382080
498.500000	-1718.500000	1159.297852	2677.316650
498.500000	-1718.500000	1158.190430	2669.929199
498.500000	-1718.500000	1157.082031	2705.416260
498.500000	-1718.500000	1155.973633	2700.281006
498.500000	-1718.500000	1154.865234	2600.422852
498.500000	-1718.500000	1153.756836	2678.741943
498.500000	-1718.500000	1152.647461	2533.847900
498.500000	-1718.500000	1151.539063	2657.221436
498.500000	-1718.500000	1150.428711	2708.433105
498.500000	-1718.500000	1149.319336	2628.960938
498.500000	-1718.500000	1148.208984	2621.596680
498.500000	-1718.500000	1147.099609	2659.269531
498.500000	-1718.500000	1145.988281	2701.427002
498.500000	-1718.500000	1144.877930	2574.764648
498.500000	-1718.500000	1143.766602	2684.425781
498.500000	-1718.500000	1142.655273	2674.805664
498.500000	-1718.500000	1141.543945	2617.958252
498.500000	-1718.500000	1140.432617	2597.114258
498.500000	-1718.500000	1139.320313	2686.434814
498.500000	-1718.500000	1138.208008	2595.909912
498.500000	-1718.500000	1137.094727	2602.048828
498.500000	-1718.500000	1135.982422	2646.374756
498.500000	-1718.500000	1134.869141	2594.102783
498.500000	-1718.500000	1133.755859	2699.036377
498.500000	-1718.500000	1132.642578	2662.490234
498.500000	-1718.500000	1131.528320	2704.515137
498.500000	-1718.500000	1130.414063	2739.788330
498.500000	-1718.500000	1129.299805	2694.283447
498.500000	-1718.500000	1128.185547	2689.170654
498.500000	-1718.500000	1127.070313	2708.725342
498.500000	-1718.500000	1125.955078	2761.897705
498.500000	-1718.500000	1124.839844	2747.806152
498.500000	-1718.500000	1123.723633	2706.832031
498.500000	-1718.500000	1122.608398	2807.011230
498.500000	-1718.500000	1121.492188	2743.644287
498.500000	-1718.500000	1120.375000	2875.115967
498.500000	-1718.500000	1119.258789	2775.943359
498.500000	-1718.500000	1118.141602	2757.389648
498.500000	-1718.500000	1117.024414	2691.854492
498.500000	-1718.500000	1115.907227	2791.894287
498.500000	-1718.500000	1114.789063	2699.541992
498.500000	-1718.500000	1113.670898	2774.935791
498.500000	-1718.500000	1112.552734	2812.290283
498.500000	-1718.500000	1111.434570	2825.041748
498.500000	-1718.500000	1110.315430	2931.634766
498.500000	-1718.500000	1109.196289	2973.392822
498.500000	-1718.500000	1108.077148	3055.332520
498.500000	-1718.500000	1106.957031	3027.821045
498.500000	-1718.500000	1105.836914	3022.645752
498.500000	-1718.500000	1104.716797	2952.748535
498.500000	-1718.500000	1103.596680	3059.159180
498.500000	-1718.500000	1102.476563	3082.979248
498.500000	-1718.500000	1101.355469	3044.339844
498.500000	-1718.500000	1100.234375	3070.381104
498.500000	-1718.500000	1099.112305	3042.907959
498.500000	-1718.500000	1097.991211	3129.111572
498.500000	-1718.500000	1096.869141	3130.603027
498.500000	-1718.500000	1095.746094	3109.816650
498.500000	-1718.500000	1094.624023	3068.995361
498.500000	-1718.500000	1093.500977	3088.311523
498.500000	-1718.500000	1092.377930	3189.983154
498.500000	-1718.500000	1091.254883	3160.298096
498.500000	-1718.500000	1090.130859	3244.103760
498.500000	-1718.500000	1089.007813	3323.420166
498.500000	-1718.500000	1087.883789	3231.451416
498.500000	-1718.500000	1086.758789	3361.872070
498.500000	-1718.500000	1085.634766	3510.013672
498.500000	-1718.500000	1084.509766	3498.071533
498.500000	-1718.500000	1083.383789	3508.353271
498.500000	-1718.500000	1082.258789	3556.392578
498.500000	-1718.500000	1081.132813	3671.033447
498.500000	-1718.500000	1080.006836	3803.381836
498.500000	-1718.500000	1078.880859	3857.974854
498.500000	-1718.500000	1077.754883	3914.760498
498.500000	-1718.500000	1076.627930	3975.956055
498.500000	-1718.500000	1075.500977	4165.777832
498.500000	-1718.500000	1074.373047	4056.122559
498.500000	-1718.500000	1073.246094	4095.067627
498.500000	-1718.500000	1072.118164	4009.863037
498.500000	-1718.500000	1070.990234	4104.201660
498.500000	-1718.500000	1069.861328	4085.500977
498.500000	-1718.500000	1068.732422	4126.614746
498.500000	-1718.500000	1067.603516	3986.117920
498.500000	-1718.500000	1066.474609	3872.255615
498.500000	-1718.500000	1065.344727	3871.333008
498.500000	-1718.500000	1064.215820	3863.771484
498.500000	-1718.500000	1063.084961	3763.291992
498.500000	-1718.500000	1061.955078	3687.190674
498.500000	-1718.500000	1060.824219	3580.166016
498.500000	-1718.500000	1059.693359	3561.624756
498.500000	-1718.500000	1058.562500	3459.100586
498.500000	-1718.500000	1057.431641	3471.532471
498.500000	-1718.500000	1056.299805	3419.890137
498.500000	-1718.500000	1055.167969	3456.620117
498.500000	-1718.500000	1054.036133	3418.253906
498.500000	-1718.500000	1052.903320	3424.058594
498.500000	-1718.500000	1051.770508	3471.794922
498.500000	-1718.500000	1050.637695	3506.268555
498.500000	-1718.500000	1049.504883	3445.864502
498.500000	-1718.500000	1048.371094	3354.611328
498.500000	-1718.500000	1047.237305	3406.726318
498.500000	-1718.500000	1046.103516	3511.723389
498.500000	-1718.500000	1044.968750	3455.781494
498.500000	-1718.500000	1043.833984	3472.578369
498.500000	-1718.500000	1042.699219	3502.584229
498.500000	-1718.500000	1041.564453	3589.835938
498.500000	-1718.500000	1040.428711	3538.330322
498.500000	-1718.500000	1039.292969	3651.946045
498.500000	-1718.500000	1038.157227	3593.846924
498.500000	-1718.500000	1037.020508	3610.583008
498.500000	-1718.500000	1035.883789	3627.310547
498.500000	-1718.500000	1034.747070	3694.610352
498.500000	-1718.500000	1033.610352	3618.965088
498.500000	-1718.500000	1032.472656	3635.676758
498.500000	-1718.500000	1031.334961	3771.049072
498.500000	-1718.500000	1030.197266	3655.891357
498.500000	-1718.500000	1029.059570	3661.597656
498.500000	-1718.500000	1027.920898	3621.184570
498.500000	-1718.500000	1026.782227	3826.681641
498.500000	-1718.500000	1025.643555	3678.695557
498.500000	-1718.500000	1024.503906	3618.556396
498.500000	-1718.500000	1023.364258	3670.332764
498.500000	-1718.500000	1022.224609	3662.863281
498.500000	-1718.500000	1021.084961	3657.589844
498.500000	-1718.500000	1019.944336	3626.010986
498.500000	-1718.500000	1018.803711	3629.514648
498.500000	-1718.500000	1017.662109	3486.205322
498.500000	-1718.500000	1016.521484	3608.036133
498.500000	-1718.500000	1015.379883	3462.610352
498.500000	-1718.500000	1014.238281	3529.646484
498.500000	-1718.500000	1013.095703	3436.846924
498.500000	-1718.500000	1011.954102	3582.643066
498.500000	-1718.500000	1010.811523	3524.882568
498.500000	-1718.500000	1009.667969	3519.649170
498.500000	-1718.500000	1008.525391	3597.521729
498.500000	-1718.500000	1007.381836	3789.048828
498.500000	-1718.500000	1006.238281	3943.322021
498.500000	-1718.500000	1005.093750	4337.907227
498.500000	-1718.500000	1003.950195	4762.886230
498.500000	-1718.500000	1002.805664	4661.246582
498.500000	-1718.500000	1001.660156	4443.916992
498.500000	-1718.500000	1000.515625	4128.448730
498.500000	-1718.500000	999.370117	3872.066162
498.500000	-1718.500000	998.224609	3779.468750
498.500000	-1718.500000	997.078125	3726.185059
498.500000	-1718.500000	995.931641	3651.116211
498.500000	-1718.500000	994.785156	3700.374023
498.500000	-1718.500000	993.638672	3610.086670
498.500000	-1718.500000	992.492188	3641.893555
498.500000	-1718.500000	991.344727	3704.189209
498.500000	-1718.500000	990.196289	3642.284668
498.500000	-1718.500000	989.048828	3589.121338
498.500000	-1718.500000	987.900391	3642.672852
498.500000	-1718.500000	986.751953	3663.545410
498.500000	-1718.500000	985.603516	3677.878418
498.500000	-1718.500000	984.454102	3761.826660
498.500000	-1718.500000	983.304688	3839.207520
498.500000	-1718.500000	982.155273	3840.436523
498.500000	-1718.500000	981.005859	3848.186768
498.500000	-1718.500000	979.855469	3979.826660
498.500000	-1718.500000	978.705078	4130.958496
498.500000	-1718.500000	977.553711	4245.082031
498.500000	-1718.500000	976.403320	4474.263184
498.500000	-1718.500000	975.251953	4642.530273
498.500000	-1718.500000	974.100586	5075.562988
498.500000	-1718.500000	972.948242	5341.263184
498.500000	-1718.500000	971.795898	5912.775879
498.500000	-1718.500000	970.643555	6401.572266
498.500000	-1718.500000	969.491211	7065.794434
498.500000	-1718.500000	968.337891	7809.910645
498.500000	-1718.500000	967.184570	8564.495117
498.500000	-1718.500000	966.031250	9338.208008
498.500000	-1718.500000	964.876953	10241.531250
498.500000	-1718.500000	963.722656	11018.773438
498.500000	-1718.500000	962.568359	11654.869141
498.500000	-1718.500000	961.414063	12256.005859
498.500000	-1718.500000	960.258789	12149.066406
498.500000	-1718.500000	959.103516	12130.898438
498.500000	-1718.500000	957.948242	11807.701172
498.500000	-1718.500000	956.791992	11171.051758
498.500000	-1718.500000	955.635742	10517.418945
498.500000	-1718.500000	954.479492	10039.211914
498.500000	-1718.500000	953.322266	9211.123047
498.500000	-1718.500000	952.166016	8519.569336
498.500000	-1718.500000	951.007813	8141.578613
498.500000	-1718.500000	949.850586	7483.027344
498.500000	-1718.500000	948.692383	6997.528320
498.500000	-1718.500000	947.534180	6602.928711
498.500000	-1718.500000	946.375977	6171.838867
498.500000	-1718.500000	945.216797	5866.095703
498.500000	-1718.500000	944.058594	5590.701172
498.500000	-1718.500000	942.898438	5399.541504
498.500000	-1718.500000	941.739258	5141.645508
498.500000	-1718.500000	940.579102	4991.642578
498.500000	-1718.500000	939.418945	4785.690430
498.500000	-1718.500000	938.258789	4706.938965
498.500000	-1718.500000	937.097656	4488.237793
498.500000	-1718.500000	935.936523	4347.157715
498.500000	-1718.500000	934.775391	4251.352539
498.500000	-1718.500000	933.613281	4155.594238
498.500000	-1718.500000	932.451172	4003.944336
498.500000	-1718.500000	931.289063	3996.484131
498.500000	-1718.500000	930.126953	3930.965820
498.500000	-1718.500000	928.963867	3831.081787
498.500000	-1718.500000	927.800781	3737.695313
498.500000	-1718.500000	926.637695	3702.372559
498.500000	-1718.500000	925.473633	3735.811035
498.500000	-1718.500000	924.309570	3661.846436
498.500000	-1718.500000	923.145508	3757.544678
498.500000	-1718.500000	921.980469	3709.369873
498.500000	-1718.500000	920.815430	3620.443359
498.500000	-1718.500000	919.650391	3628.110352
498.500000	-1718.500000	918.485352	3650.787842
498.500000	-1718.500000	917.319336	3634.852783
498.500000	-1718.500000	916.153320	3546.032227
498.500000	-1718.500000	914.986328	3583.714844
498.500000	-1718.500000	913.820313	3554.949951
498.500000	-1718.500000	912.653320	3438.365234
498.500000	-1718.500000	911.485352	3491.036621
498.500000	-1718.500000	910.318359	3415.208740
498.500000	-1718.500000	909.150391	3410.060303
498.500000	-1718.500000	907.982422	3387.792969
498.500000	-1718.500000	906.813477	3463.956299
498.500000	-1718.500000	905.644531	3321.899902
498.500000	-1718.500000	904.475586	3447.224854
498.500000	-1718.500000	903.306641	3341.588867
498.500000	-1718.500000	902.136719	3323.638672
498.500000	-1718.500000	900.966797	3339.886475
498.500000	-1718.500000	899.796875	3351.853027
498.500000	-1718.500000	898.625977	3325.368896
498.500000	-1718.500000	897.455078	3311.709229
498.500000	-1718.500000	896.284180	3473.098145
498.500000	-1718.500000	895.112305	3290.810791
498.500000	-1718.500000	893.940430	3285.702637
498.500000	-1718.500000	892.768555	3427.775391
498.500000	-1718.500000	891.596680	3452.488281
498.500000	-1718.500000	890.423828	3355.667480
498.500000	-1718.500000	889.250977	3431.538086
498.500000	-1718.500000	888.078125	3434.920654
498.500000	-1718.500000	886.904297	3465.994629
498.500000	-1718.500000	885.730469	3471.494873
498.500000	-1718.500000	884.555664	3372.660645
498.500000	-1718.500000	883.381836	3442.040527
498.500000	-1718.500000	882.207031	3422.003418
498.500000	-1718.500000	881.032227	3553.033203
498.500000	-1718.500000	879.856445	3447.895752
498.500000	-1718.500000	878.680664	3457.641113
498.500000	-1718.500000	877.504883	3437.617920
498.500000	-1718.500000	876.329102	3536.625244
498.500000	-1718.500000	875.152344	3497.467285
498.500000	-1718.500000	873.975586	3524.181152
498.500000	-1718.500000	872.797852	3487.168945
498.500000	-1718.500000	871.620117	3499.008301
498.500000	-1718.500000	870.442383	3457.774902
498.500000	-1718.500000	869.264648	3488.712891
498.500000	-1718.500000	868.085938	3494.176025
498.500000	-1718.500000	866.907227	3359.650146
498.500000	-1718.500000	865.728516	3418.153320
498.500000	-1718.500000	864.548828	3453.306885
498.500000	-1718.500000	863.370117	3492.680176
498.500000	-1718.500000	862.189453	3487.537598
498.500000	-1718.500000	861.009766	3514.170898
498.500000	-1718.500000	859.829102	3657.262695
498.500000	-1718.500000	858.648438	3599.150879
498.500000	-1718.500000	857.466797	3591.866455
498.500000	-1718.500000	856.285156	3612.093994
498.500000	-1718.500000	855.103516	3645.003174
498.500000	-1718.500000	853.921875	3658.860107
498.500000	-1718.500000	852.739258	3596.590820
498.500000	-1718.500000	851.556641	3574.516113
498.500000	-1718.500000	850.374023	3533.432617
498.500000	-1718.500000	849.190430	3521.948242
498.500000	-1718.500000	848.006836	3597.069092
498.500000	-1718.500000	846.823242	3539.116455
498.500000	-1718.500000	845.638672	3557.192627
498.500000	-1718.500000	844.454102	3442.294678
498.500000	-1718.500000	843.269531	3475.155273
498.500000	-1718.500000	842.083984	3543.858398
498.500000	-1718.500000	840.898438	3477.556152
498.500000	-1718.500000	839.712891	3542.004883
498.500000	-1718.500000	838.527344	3526.322998
498.500000	-1718.500000	837.340820	3687.656494
498.500000	-1718.500000	836.153320	3703.543457
498.500000	-1718.500000	834.966797	3582.523193
498.500000	-1718.500000	833.779297	3583.689209
498.500000	-1718.500000	832.591797	3593.273682
498.500000	-1718.500000	831.404297	3527.091553
498.500000	-1718.500000	830.215820	3521.957031
498.500000	-1718.500000	829.027344	3550.478271
498.500000	-1718.500000	827.837891	3379.217041
498.500000	-1718.500000	826.649414	3395.145752
498.500000	-1718.500000	825.458984	3305.980469
498.500000	-1718.500000	824.269531	3397.560059
498.500000	-1718.500000	823.079102	3302.137939
498.500000	-1718.500000	821.888672	3406.269287
498.500000	-1718.500000	820.698242	3350.783936
498.500000	-1718.500000	819.506836	3383.482422
498.500000	-1718.500000	818.315430	3479.114502
498.500000	-1718.500000	817.124023	3515.956055
498.500000	-1718.500000	815.931641	3569.555420
498.500000	-1718.500000	814.739258	3583.288330
498.500000	-1718.500000	813.546875	3580.243896
498.500000	-1718.500000	812.354492	3707.127686
498.500000	-1718.500000	811.161133	3473.594971
498.500000	-1718.500000	809.966797	3393.083496
498.500000	-1718.500000	808.773438	3335.647217
498.500000	-1718.500000	807.579102	3299.174561
498.500000	-1718.500000	806.384766	3237.606689
498.500000	-1718.500000	805.189453	3238.838867
498.500000	-1718.500000	803.994141	3064.365479
498.500000	-1718.500000	802.798828	3088.644775
498.500000	-1718.500000	801.603516	3039.739014
498.500000	-1718.500000	800.407227	3049.380127
498.500000	-1718.500000	799.210938	3067.373535
498.500000	-1718.500000	798.013672	3008.065918
498.500000	-1718.500000	796.816406	3049.031494
498.500000	-1718.500000	795.619141	3037.779053
498.500000	-1718.500000	794.421875	3014.008545
498.500000	-1718.500000	793.223633	3048.677734
498.500000	-1718.500000	792.025391	2999.881836
498.500000	-1718.500000	790.826172	3095.017090
498.500000	-1718.500000	789.626953	3108.784424
498.500000	-1718.500000	788.427734	3018.320313
498.500000	-1718.500000	787.228516	3084.197510
498.500000	-1718.500000	786.028320	3018.787109
498.500000	-1718.500000	784.828125	3022.143555
498.500000	-1718.500000	783.626953	3062.978027
498.500000	-1718.500000	782.426758	3022.604248
498.500000	-1718.500000	781.225586	3115.443604
498.500000	-1718.500000	780.023438	3087.559326
498.500000	-1718.500000	778.821289	3097.129639
498.500000	-1718.500000	777.619141	3081.740723
498.500000	-1718.500000	776.416992	3047.649658
498.500000	-1718.500000	775.213867	3075.925781
498.500000	-1718.500000	774.010742	3060.553223
498.500000	-1718.500000	772.807617	3103.349854
498.500000	-1718.500000	771.603516	3106.666504
498.500000	-1718.500000	770.399414	3095.448242
498.500000	-1718.500000	769.194336	3013.667236
498.500000	-1718.500000	767.990234	3035.677979
498.500000	-1718.500000	766.784180	3109.536621
498.500000	-1718.500000	765.579102	3023.668457
498.500000	-1718.500000	764.373047	3045.656738
498.500000	-1718.500000	763.166992	3059.341797
498.500000	-1718.500000	761.960938	3008.781494
498.500000	-1718.500000	760.753906	3109.475098
498.500000	-1718.500000	759.546875	3063.069336
498.500000	-1718.500000	758.338867	3085.013916
498.500000	-1718.500000	757.131836	3071.757568
498.500000	-1718.500000	755.923828	3019.189697
498.500000	-1718.500000	754.714844	3049.401611
498.500000	-1718.500000	753.505859	3106.483398
498.500000	-1718.500000	752.296875	3037.405518
498.500000	-1718.500000	751.087891	3009.707031
498.500000	-1718.500000	749.877930	3006.821045
498.500000	-1718.500000	748.667969	3001.870361
498.500000	-1718.500000	747.457031	3042.360840
498.500000	-1718.500000	746.247070	3070.439209
498.500000	-1718.500000	745.036133	3088.180420
498.500000	-1718.500000	743.824219	3060.509033
498.500000	-1718.500000	742.612305	3026.662598
498.500000	-1718.500000	741.400391	3128.965820
498.500000	-1718.500000	740.188477	2942.527100
498.500000	-1718.500000	738.975586	2993.259033
498.500000	-1718.500000	737.762695	2986.257324
498.500000	-1718.500000	736.548828	2987.500000
498.500000	-1718.500000	735.334961	2999.040283
498.500000	-1718.500000	734.121094	2994.099854
498.500000	-1718.500000	732.907227	3036.510254
498.500000	-1718.500000	731.692383	2957.469727
498.500000	-1718.500000	730.476563	3030.728760
498.500000	-1718.500000	729.261719	3038.124023
498.500000	-1718.500000	728.045898	3045.514648
498.500000	-1718.500000	726.830078	3114.575195
498.500000	-1718.500000	725.613281	3050.005127
498.500000	-1718.500000	724.396484	3137.517334
498.500000	-1618.500000	1819.774414	1612.419556
498.500000	-1618.500000	1818.810547	1609.827271
498.500000	-1618.500000	1817.845703	1596.516357
498.500000	-1618.500000	1816.880859	1508.067139
498.500000	-1618.500000	1815.916016	1518.099854
498.500000	-1618.500000	1814.951172	1577.339111
498.500000	-1618.500000	1813.985352	1589.941895
498.500000	-1618.500000	1813.019531	1542.994019
498.500000	-1618.500000	1812.053711	1547.833740
498.500000	-1618.500000	1811.087891	1557.846924
498.500000	-1618.500000	1810.121094	1583.379028
498.500000	-1618.500000	1809.155273	1523.540405
498.500000	-1618.500000	1808.188477	1523.208008
498.500000	-1618.500000	1807.221680	1463.408569
498.500000	-1618.500000	1806.253906	1522.543579
498.500000	-1618.500000	1805.287109	1597.159302
498.500000	-1618.500000	1804.319336	1565.805054
498.500000	-1618.500000	1803.351563	1671.378052
498.500000	-1618.500000	1802.383789	1580.619141
498.500000	-1618.500000	1801.415039	1590.603394
498.500000	-1618.500000	1800.447266	1608.328125
498.500000	-1618.500000	1799.478516	1610.559082
498.500000	-1618.500000	1798.509766	1584.403931
498.500000	-1618.500000	1797.540039	1630.497314
498.500000	-1618.500000	1796.571289	1617.245972
498.500000	-1618.500000	1795.601563	1593.685181
498.500000	-1618.500000	1794.631836	1665.528809
498.500000	-1618.500000	1793.662109	1662.589111
498.500000	-1618.500000	1792.692383	1592.646118
498.500000	-1618.500000	1791.721680	1602.606201
498.500000	-1618.500000	1790.750977	1589.378174
498.500000	-1618.500000	1789.780273	1643.116699
498.500000	-1618.500000	1788.809570	1617.011353
498.500000	-1618.500000	1787.838867	1642.403320
498.500000	-1618.500000	1786.867188	1644.620605
498.500000	-1618.500000	1785.895508	1641.690552
498.500000	-1618.500000	1784.923828	1661.915405
498.500000	-1618.500000	1783.952148	1702.708008
498.500000	-1618.500000	1782.979492	1653.480103
498.500000	-1618.500000	1782.007813	1632.554077
498.500000	-1618.500000	1781.035156	1593.644287
498.500000	-1618.500000	1780.061523	1652.405273
498.500000	-1618.500000	1779.088867	1628.923706
498.500000	-1618.500000	1778.115234	1677.376587
498.500000	-1618.500000	1777.142578	1684.717896
498.500000	-1618.500000	1776.168945	1617.595215
498.500000	-1618.500000	1775.194336	1624.946289
498.500000	-1618.500000	1774.220703	1675.924561
498.500000	-1618.500000	1773.246094	1675.562012
498.500000	-1618.500000	1772.271484	1600.803223
498.500000	-1618.500000	1771.296875	1631.234985
498.500000	-1618.500000	1770.322266	1705.246460
498.500000	-1618.500000	1769.346680	1638.220947
498.500000	-1618.500000	1768.372070	1573.787476
498.500000	-1618.500000	1767.396484	1663.139038
498.500000	-1618.500000	1766.419922	1652.531494
498.500000	-1618.500000	1765.444336	1708.527710
498.500000	-1618.500000	1764.467773	1646.695801
498.500000	-1618.500000	1763.491211	1756.437622
498.500000	-1618.500000	1762.514648	1748.378906
498.500000	-1618.500000	1761.538086	1671.222534
498.500000	-1618.500000	1760.561523	1604.334473
498.500000	-1618.500000	1759.583984	1749.805542
498.500000	-1618.500000	1758.606445	1690.602295
498.500000	-1618.500000	1757.628906	1667.223877
498.500000	-1618.500000	1756.651367	1720.551636
498.500000	-1618.500000	1755.672852	1791.748413
498.500000	-1618.500000	1754.694336	1778.585083
498.500000	-1618.500000	1753.715820	1693.890503
498.500000	-1618.500000	1752.737305	1678.199463
498.500000	-1618.500000	1751.758789	1769.774292
498.500000	-1618.500000	1750.779297	1771.946411
498.500000	-1618.500000	1749.799805	1728.169189
498.500000	-1618.500000	1748.820313	1758.422729
498.500000	-1618.500000	1747.840820	1796.317993
498.500000	-1618.500000	1746.860352	1875.013672
498.500000	-1618.500000	1745.879883	1775.141113
498.500000	-1618.500000	1744.899414	1838.507690
498.500000	-1618.500000	1743.918945	1802.420776
498.500000	-1618.500000	1742.938477	1812.228516
498.500000	-1618.500000	1741.957031	1791.452393
498.500000	-1618.500000	1740.975586	1803.806030
498.500000	-1618.500000	1739.994141	1910.400757
498.500000	-1618.500000	1739.012695	1825.950562
498.500000	-1618.500000	1738.031250	1858.657593
498.500000	-1618.500000	1737.048828	1893.896118
498.500000	-1618.500000	1736.066406	1845.134155
498.500000	-1618.500000	1735.083984	1880.360352
498.500000	-1618.500000	1734.101563	1879.956543
498.500000	-1618.500000	1733.118164	1945.680664
498.500000	-1618.500000	1732.134766	1909.663452
498.500000	-1618.500000	1731.152344	1929.591797
498.500000	-1618.500000	1730.167969	2007.971558
498.500000	-1618.500000	1729.184570	1974.505249
498.500000	-1618.500000	1728.200195	2007.110107
498.500000	-1618.500000	1727.215820	2052.401367
498.500000	-1618.500000	1726.231445	1930.062622
498.500000	-1618.500000	1725.247070	2117.535645
498.500000	-1618.500000	1724.262695	2000.312134
498.500000	-1618.500000	1723.277344	2035.414307
498.500000	-1618.500000	1722.291992	1981.693115
498.500000	-1618.500000	1721.306641	1971.121216
498.500000	-1618.500000	1720.321289	1990.989136
498.500000	-1618.500000	1719.334961	1993.098389
498.500000	-1618.500000	1718.348633	2056.051758
498.500000	-1618.500000	1717.362305	2139.255127
498.500000	-1618.500000	1716.375977	2090.648926
498.500000	-1618.500000	1715.389648	2052.197754
498.500000	-1618.500000	1714.402344	2074.555664
498.500000	-1618.500000	1713.415039	2099.436523
498.500000	-1618.500000	1712.427734	2086.327637
498.500000	-1618.500000	1711.440430	2139.040771
498.500000	-1618.500000	1710.452148	2052.533691
498.500000	-1618.500000	1709.463867	2107.761719
498.500000	-1618.500000	1708.476563	2089.602539
498.500000	-1618.500000	1707.487305	2144.799072
498.500000	-1618.500000	1706.499023	2134.225586
498.500000	-1618.500000	1705.509766	2093.318604
498.500000	-1618.500000	1704.521484	2156.061768
498.500000	-1618.500000	1703.532227	2173.290527
498.500000	-1618.500000	1702.541992	2331.998291
498.500000	-1618.500000	1701.552734	2303.713867
498.500000	-1618.500000	1700.562500	2146.643066
498.500000	-1618.500000	1699.572266	2244.656494
498.500000	-1618.500000	1698.582031	2213.884521
498.500000	-1618.500000	1697.591797	2284.079346
498.500000	-1618.500000	1696.600586	2273.498291
498.500000	-1618.500000	1695.610352	2333.559326
498.500000	-1618.500000	1694.619141	2396.116699
498.500000	-1618.500000	1693.626953	2304.824463
498.500000	-1618.500000	1692.635742	2453.080566
498.500000	-1618.500000	1691.643555	2480.283691
498.500000	-1618.500000	1690.652344	2477.234375
498.500000	-1618.500000	1689.659180	2554.811523
498.500000	-1618.500000	1688.666992	2529.076416
498.500000	-1618.500000	1687.674805	2551.203125
498.500000	-1618.500000	1686.681641	2580.874268
498.500000	-1618.500000	1685.688477	2665.915039
498.500000	-1618.500000	1684.695313	2609.975830
498.500000	-1618.500000	1683.702148	2606.903076
498.500000	-1618.500000	1682.708008	2623.957764
498.500000	-1618.500000	1681.713867	2608.306885
498.500000	-1618.500000	1680.719727	2585.118652
498.500000	-1618.500000	1679.725586	2597.138428
498.500000	-1618.500000	1678.731445	2634.289551
498.500000	-1618.500000	1677.736328	2696.555664
498.500000	-1618.500000	1676.741211	2633.167236
498.500000	-1618.500000	1675.746094	2612.510010
498.500000	-1618.500000	1674.750977	2737.528076
498.500000	-1618.500000	1673.754883	2764.565674
498.500000	-1618.500000	1672.758789	2748.914307
498.500000	-1618.500000	1671.762695	2780.957520
498.500000	-1618.500000	1670.766602	2815.496338
498.500000	-1618.500000	1669.770508	2792.317383
498.500000	-1618.500000	1668.773438	2804.264404
498.500000	-1618.500000	1667.776367	2713.388428
498.500000	-1618.500000	1666.779297	2707.796387
498.500000	-1618.500000	1665.782227	2757.353760
498.500000	-1618.500000	1664.784180	2749.248535
498.500000	-1618.500000	1663.787109	2786.247803
498.500000	-1618.500000	1662.789063	2743.068604
498.500000	-1618.500000	1661.791016	2724.953125
498.500000	-1618.500000	1660.791992	2734.389404
498.500000	-1618.500000	1659.793945	2746.325195
498.500000	-1618.500000	1658.794922	2580.546143
498.500000	-1618.500000	1657.795898	2582.499512
498.500000	-1618.500000	1656.796875	2754.580811
498.500000	-1618.500000	1655.796875	2661.444824
498.500000	-1618.500000	1654.797852	2645.874023
498.500000	-1618.500000	1653.797852	2670.314209
498.500000	-1618.500000	1652.797852	2609.752197
498.500000	-1618.500000	1651.796875	2619.194336
498.500000	-1618.500000	1650.796875	2601.146729
498.500000	-1618.500000	1649.795898	2555.626709
498.500000	-1618.500000	1648.794922	2590.050537
498.500000	-1618.500000	1647.793945	2562.031982
498.500000	-1618.500000	1646.792969	2756.220459
498.500000	-1618.500000	1645.791016	2610.864014
498.500000	-1618.500000	1644.789063	2720.112061
498.500000	-1618.500000	1643.787109	2692.089111
498.500000	-1618.500000	1642.785156	2699.000488
498.500000	-1618.500000	1641.782227	2753.293457
498.500000	-1618.500000	1640.780273	2772.655762
498.500000	-1618.500000	1639.777344	2806.967041
498.500000	-1618.500000	1638.773438	2868.679199
498.500000	-1618.500000	1637.770508	2858.102783
498.500000	-1618.500000	1636.766602	2663.176025
498.500000	-1618.500000	1635.763672	2812.055420
498.500000	-1618.500000	1634.759766	2652.084229
498.500000	-1618.500000	1633.754883	2594.258057
498.500000	-1618.500000	1632.750977	2603.663818
498.500000	-1618.500000	1631.746094	2548.361084
498.500000	-1618.500000	1630.741211	2498.057861
498.500000	-1618.500000	1629.736328	2512.453125
498.500000	-1618.500000	1628.731445	2397.515381
498.500000	-1618.500000	1627.725586	2392.033447
498.500000	-1618.500000	1626.720703	2394.011719
498.500000	-1618.500000	1625.714844	2433.270996
498.500000	-1618.500000	1624.708008	2417.844971
498.500000	-1618.500000	1623.702148	2337.830566
498.500000	-1618.500000	1622.695313	2394.463867
498.500000	-1618.500000	1621.688477	2346.771729
498.500000	-1618.500000	1620.681641	2266.823242
498.500000	-1618.500000	1619.674805	2323.435059
498.500000	-1618.500000	1618.667969	2320.460449
498.500000	-1618.500000	1617.660156	2317.486816
498.500000	-1618.500000	1616.652344	2227.688965
498.500000	-1618.500000	1615.644531	2269.379639
498.500000	-1618.500000	1614.635742	2311.052490
498.500000	-1618.500000	1613.627930	2350.228516
498.500000	-1618.500000	1612.619141	2349.729980
498.500000	-1618.500000	1611.610352	2269.932373
498.500000	-1618.500000	1610.601563	2222.377197
498.500000	-1618.500000	1609.591797	2348.234619
498.500000	-1618.500000	1608.582031	2407.172852
498.500000	-1618.500000	1607.572266	2376.950439
498.500000	-1618.500000	1606.562500	2455.661133
498.500000	-1618.500000	1605.552734	2566.512451
498.500000	-1618.500000	1604.541992	2610.507568
498.500000	-1618.500000	1603.532227	2674.274902
498.500000	-1618.500000	1602.520508	2624.240479
498.500000	-1618.500000	1601.509766	2717.651855
498.500000	-1618.500000	1600.499023	2655.267578
498.500000	-1618.500000	1599.487305	2575.606934
498.500000	-1618.500000	1598.475586	2424.313477
498.500000	-1618.500000	1597.463867	2366.972168
498.500000	-1618.500000	1596.452148	2381.291504
498.500000	-1618.500000	1595.439453	2358.559082
498.500000	-1618.500000	1594.426758	2279.045410
498.500000	-1618.500000	1593.414063	2256.344238
498.500000	-1618.500000	1592.401367	2196.630615
498.500000	-1618.500000	1591.388672	2230.711182
498.500000	-1618.500000	1590.375000	2249.974854
498.500000	-1618.500000	1589.361328	2180.434082
498.500000	-1618.500000	1588.347656	2251.486572
498.500000	-1618.500000	1587.333984	2206.629883
498.500000	-1618.500000	1586.319336	2282.576660
498.500000	-1618.500000	1585.304688	2254.983398
498.500000	-1618.500000	1584.290039	2247.113281
498.500000	-1618.500000	1583.275391	2263.880615
498.500000	-1618.500000	1582.260742	2334.824463
498.500000	-1618.500000	1581.245117	2280.157227
498.500000	-1618.500000	1580.229492	2319.063232
498.500000	-1618.500000	1579.213867	2163.507813
498.500000	-1618.500000	1578.198242	2222.108154
498.500000	-1618.500000	1577.181641	2209.335449
498.500000	-1618.500000	1576.166016	2262.981689
498.500000	-1618.500000	1575.149414	2250.205566
498.500000	-1618.500000	1574.131836	2234.976074
498.500000	-1618.500000	1573.115234	2313.164307
498.500000	-1618.500000	1572.097656	2288.096924
498.500000	-1618.500000	1571.081055	2294.983154
498.500000	-1618.500000	1570.062500	2277.299805
498.500000	-1618.500000	1569.044922	2205.589600
498.500000	-1618.500000	1568.027344	2217.399658
498.500000	-1618.500000	1567.008789	2231.659912
498.500000	-1618.500000	1565.990234	2255.731934
498.500000	-1618.500000	1564.971680	2230.713135
498.500000	-1618.500000	1563.952148	2240.053955
498.500000	-1618.500000	1562.933594	2337.698486
498.500000	-1618.500000	1561.914063	2290.605469
498.500000	-1618.500000	1560.894531	2228.820801
498.500000	-1618.500000	1559.874023	2211.187988
498.500000	-1618.500000	1558.854492	2298.951660
498.500000	-1618.500000	1557.833984	2345.021240
498.500000	-1618.500000	1556.813477	2391.071289
498.500000	-1618.500000	1555.792969	2368.519775
498.500000	-1618.500000	1554.772461	2243.126953
498.500000	-1618.500000	1553.750977	2291.617188
498.500000	-1618.500000	1552.729492	2296.026367
498.500000	-1618.500000	1551.708008	2290.644775
498.500000	-1618.500000	1550.686523	2317.072754
498.500000	-1618.500000	1549.664063	2274.995117
498.500000	-1618.500000	1548.642578	2338.100830
498.500000	-1618.500000	1547.620117	2376.727783
498.500000	-1618.500000	1546.597656	2295.549072
498.500000	-1618.500000	1545.574219	2229.069580
498.500000	-1618.500000	1544.551758	2243.258301
498.500000	-1618.500000	1543.528320	2276.985596
498.500000	-1618.500000	1542.504883	2256.961426
498.500000	-1618.500000	1541.480469	2305.323975
498.500000	-1618.500000	1540.457031	2241.354004
498.500000	-1618.500000	1539.432617	2304.345215
498.500000	-1618.500000	1538.408203	2338.023193
498.500000	-1618.500000	1537.383789	2327.766846
498.500000	-1618.500000	1536.359375	2234.571777
498.500000	-1618.500000	1535.333984	2326.778320
498.500000	-1618.500000	1534.308594	2243.376709
498.500000	-1618.500000	1533.283203	2379.424561
498.500000	-1618.500000	1532.257813	2269.235352
498.500000	-1618.500000	1531.231445	2215.141602
498.500000	-1618.500000	1530.205078	2290.198975
498.500000	-1618.500000	1529.179688	2306.763428
498.500000	-1618.500000	1528.152344	2325.756104
498.500000	-1618.500000	1527.125977	2298.479004
498.500000	-1618.500000	1526.098633	2239.567139
498.500000	-1618.500000	1525.071289	2368.082275
498.500000	-1618.500000	1524.043945	2226.448975
498.500000	-1618.500000	1523.016602	2233.274170
498.500000	-1618.500000	1521.989258	2315.495850
498.500000	-1618.500000	1520.960938	2383.092041
498.500000	-1618.500000	1519.932617	2290.199463
498.500000	-1618.500000	1518.904297	2207.069092
498.500000	-1618.500000	1517.875000	2289.225830
498.500000	-1618.500000	1516.846680	2405.362793
498.500000	-1618.500000	1515.817383	2336.835205
498.500000	-1618.500000	1514.788086	2443.197998
498.500000	-1618.500000	1513.757813	2284.851318
498.500000	-1618.500000	1512.728516	2296.503418
498.500000	-1618.500000	1511.698242	2346.983398
498.500000	-1618.500000	1510.667969	2336.778076
498.500000	-1618.500000	1509.637695	2355.689209
498.500000	-1618.500000	1508.606445	2389.145508
498.500000	-1618.500000	1507.576172	2408.037354
498.500000	-1618.500000	1506.544922	2300.847168
498.500000	-1618.500000	1505.513672	2428.828369
498.500000	-1618.500000	1504.481445	2374.995361
498.500000	-1618.500000	1503.450195	2355.106201
498.500000	-1618.500000	1502.417969	2330.380615
498.500000	-1618.500000	1501.385742	2426.761230
498.500000	-1618.500000	1500.353516	2297.910400
498.500000	-1618.500000	1499.320313	2447.516113
498.500000	-1618.500000	1498.288086	2367.122803
498.500000	-1618.500000	1497.254883	2371.458252
498.500000	-1618.500000	1496.220703	2443.533447
498.500000	-1618.500000	1495.187500	2481.714355
498.500000	-1618.500000	1494.154297	2464.257568
498.500000	-1618.500000	1493.120117	2478.239258
498.500000	-1618.500000	1492.085938	2465.625000
498.500000	-1618.500000	1491.050781	2433.681641
498.500000	-1618.500000	1490.016602	2474.239258
498.500000	-1618.500000	1488.981445	2480.959229
498.500000	-1618.500000	1487.946289	2606.021729
498.500000	-1618.500000	1486.911133	2588.563232
498.500000	-1618.500000	1485.875977	2559.041260
498.500000	-1618.500000	1484.839844	2565.736572
498.500000	-1618.500000	1483.803711	2548.297363
498.500000	-1618.500000	1482.767578	2615.308105
498.500000	-1618.500000	1481.731445	2638.871582
498.500000	-1618.500000	1480.694336	2611.781006
498.500000	-1618.500000	1479.658203	2628.101563
498.500000	-1618.500000	1478.621094	2682.984375
498.500000	-1618.500000	1477.583008	2653.490967
498.500000	-1618.500000	1476.545898	2677.020264
498.500000	-1618.500000	1475.507813	2681.267090
498.500000	-1618.500000	1474.469727	2709.597168
498.500000	-1618.500000	1473.431641	2805.339355
498.500000	-1618.500000	1472.393555	2860.113037
498.500000	-1618.500000	1471.354492	2847.467285
498.500000	-1618.500000	1470.316406	3008.093018
498.500000	-1618.500000	1469.277344	2949.707520
498.500000	-1618.500000	1468.237305	3011.619141
498.500000	-1618.500000	1467.198242	3071.099121
498.500000	-1618.500000	1466.158203	3072.847412
498.500000	-1618.500000	1465.118164	3158.731445
498.500000	-1618.500000	1464.078125	3129.215576
498.500000	-1618.500000	1463.038086	3116.532471
498.500000	-1618.500000	1461.997070	3214.363037
498.500000	-1618.500000	1460.956055	3208.872070
498.500000	-1618.500000	1459.915039	3306.640869
498.500000	-1618.500000	1458.874023	3320.338623
498.500000	-1618.500000	1457.832031	3348.432373
498.500000	-1618.500000	1456.790039	3374.113770
498.500000	-1618.500000	1455.748047	3308.611328
498.500000	-1618.500000	1454.706055	3346.283691
498.500000	-1618.500000	1453.664063	3448.692627
498.500000	-1618.500000	1452.621094	3560.648438
498.500000	-1618.500000	1451.578125	3425.641357
498.500000	-1618.500000	1450.535156	3376.973633
498.500000	-1618.500000	1449.492188	3452.929199
498.500000	-1618.500000	1448.448242	3421.045654
498.500000	-1618.500000	1447.404297	3317.320313
498.500000	-1618.500000	1446.360352	3352.529785
498.500000	-1618.500000	1445.316406	3299.140137
498.500000	-1618.500000	1444.272461	3260.135010
498.500000	-1618.500000	1443.227539	3247.470703
498.500000	-1618.500000	1442.182617	3225.241211
498.500000	-1618.500000	1441.137695	3262.823486
498.500000	-1618.500000	1440.091797	3187.984619
498.500000	-1618.500000	1439.046875	3199.256592
498.500000	-1618.500000	1438.000977	2935.608643
498.500000	-1618.500000	1436.955078	3068.821777
498.500000	-1618.500000	1435.908203	3060.994629
498.500000	-1618.500000	1434.862305	3062.727051
498.500000	-1618.500000	1433.815430	2930.701660
498.500000	-1618.500000	1432.768555	2961.116455
498.500000	-1618.500000	1431.721680	2910.343750
498.500000	-1618.500000	1430.673828	3005.197754
498.500000	-1618.500000	1429.625977	3033.189941
498.500000	-1618.500000	1428.578125	3075.485596
498.500000	-1618.500000	1427.530273	3012.803711
498.500000	-1618.500000	1426.482422	3002.616699
498.500000	-1618.500000	1425.433594	3004.355957
498.500000	-1618.500000	1424.384766	3077.611084
498.500000	-1618.500000	1423.335938	3074.566162
498.500000	-1618.500000	1422.287109	3104.882324
498.500000	-1618.500000	1421.237305	3063.714600
498.500000	-1618.500000	1420.188477	2955.872803
498.500000	-1618.500000	1419.138672	3029.058350
498.500000	-1618.500000	1418.087891	3121.258789
498.500000	-1618.500000	1417.038086	3006.332275
498.500000	-1618.500000	1415.987305	3088.978271
498.500000	-1618.500000	1414.936523	3076.416748
498.500000	-1618.500000	1413.885742	2944.921875
498.500000	-1618.500000	1412.834961	3034.661865
498.500000	-1618.500000	1411.783203	2998.342041
498.500000	-1618.500000	1410.731445	3099.917480
498.500000	-1618.500000	1409.679688	3042.208008
498.500000	-1618.500000	1408.627930	3089.076904
498.500000	-1618.500000	1407.575195	2998.134521
498.500000	-1618.500000	1406.522461	3104.371582
498.500000	-1618.500000	1405.469727	3210.562744
498.500000	-1618.500000	1404.416992	3212.244629
498.500000	-1618.500000	1403.363281	3266.145996
498.500000	-1618.500000	1402.310547	3123.052979
498.500000	-1618.500000	1401.256836	3198.303223
498.500000	-1618.500000	1400.202148	3041.053223
498.500000	-1618.500000	1399.148438	3102.058594
498.500000	-1618.500000	1398.093750	3061.080322
498.500000	-1618.500000	1397.039063	3107.831055
498.500000	-1618.500000	1395.984375	3135.600586
498.500000	-1618.500000	1394.929688	3028.293213
498.500000	-1618.500000	1393.874023	3011.055664
498.500000	-1618.500000	1392.818359	3090.935303
498.500000	-1618.500000	1391.762695	3012.122559
498.500000	-1618.500000	1390.707031	3009.103760
498.500000	-1618.500000	1389.651367	3067.628174
498.500000	-1618.500000	1388.594727	3069.331055
498.500000	-1618.500000	1387.538086	2952.734619
498.500000	-1618.500000	1386.481445	3136.601807
498.500000	-1618.500000	1385.423828	3001.120850
498.500000	-1618.500000	1384.366211	3071.404297
498.500000	-1618.500000	1383.308594	3141.657227
498.500000	-1618.500000	1382.250977	3003.898926
498.500000	-1618.500000	1381.193359	3090.675781
498.500000	-1618.500000	1380.134766	3054.570313
498.500000	-1618.500000	1379.076172	3037.375488
498.500000	-1618.500000	1378.017578	3105.196777
498.500000	-1618.500000	1376.958984	3031.337402
498.500000	-1618.500000	1375.899414	2966.950928
498.500000	-1618.500000	1374.839844	3001.704834
498.500000	-1618.500000	1373.780273	2946.789551
498.500000	-1618.500000	1372.720703	3049.937744
498.500000	-1618.500000	1371.661133	2910.136475
498.500000	-1618.500000	1370.600586	2954.302734
498.500000	-1618.500000	1369.540039	2918.302490
498.500000	-1618.500000	1368.479492	2797.474121
498.500000	-1618.500000	1367.417969	2832.210205
498.500000	-1618.500000	1366.356445	2876.354004
498.500000	-1618.500000	1365.294922	2906.346924
498.500000	-1618.500000	1364.233398	2924.552979
498.500000	-1618.500000	1363.171875	2843.874512
498.500000	-1618.500000	1362.109375	2946.818359
498.500000	-1618.500000	1361.046875	2917.939453
498.500000	-1618.500000	1359.984375	2867.898926
498.500000	-1618.500000	1358.921875	2874.331299
498.500000	-1618.500000	1357.858398	2852.541016
498.500000	-1618.500000	1356.794922	2861.324707
498.500000	-1618.500000	1355.731445	2884.207764
498.500000	-1618.500000	1354.667969	2867.129150
498.500000	-1618.500000	1353.603516	3014.528809
498.500000	-1618.500000	1352.540039	2983.333984
498.500000	-1618.500000	1351.475586	2933.364014
498.500000	-1618.500000	1350.410156	2906.895996
498.500000	-1618.500000	1349.345703	2981.383789
498.500000	-1618.500000	1348.280273	2987.774658
498.500000	-1618.500000	1347.214844	2930.806396
498.500000	-1618.500000	1346.149414	3077.965576
498.500000	-1618.500000	1345.083008	3032.729492
498.500000	-1618.500000	1344.017578	2966.407715
498.500000	-1618.500000	1342.951172	3000.927246
498.500000	-1618.500000	1341.884766	3065.902832
498.500000	-1618.500000	1340.817383	3091.010986
498.500000	-1618.500000	1339.750977	3010.675781
498.500000	-1618.500000	1338.683594	3038.126953
498.500000	-1618.500000	1337.616211	2920.366943
498.500000	-1618.500000	1336.547852	2966.556641
498.500000	-1618.500000	1335.480469	3024.429932
498.500000	-1618.500000	1334.412109	3033.129883
498.500000	-1618.500000	1333.343750	2971.629639
498.500000	-1618.500000	1332.274414	3020.105713
498.500000	-1618.500000	1331.206055	2951.617920
498.500000	-1618.500000	1330.136719	3065.549805
498.500000	-1618.500000	1329.067383	3099.945557
498.500000	-1618.500000	1327.998047	3110.952881
498.500000	-1618.500000	1326.927734	3016.799316
498.500000	-1618.500000	1325.857422	3069.872559
498.500000	-1618.500000	1324.787109	3036.498779
498.500000	-1618.500000	1323.716797	2923.740479
498.500000	-1618.500000	1322.646484	3102.874268
498.500000	-1618.500000	1321.575195	3097.524902
498.500000	-1618.500000	1320.503906	3005.830078
498.500000	-1618.500000	1319.432617	3068.166748
498.500000	-1618.500000	1318.360352	3016.173584
498.500000	-1618.500000	1317.289063	3146.113281
498.500000	-1618.500000	1316.216797	3152.416992
498.500000	-1618.500000	1315.144531	3014.185791
498.500000	-1618.500000	1314.071289	3113.740967
498.500000	-1618.500000	1312.999023	3050.142578
498.500000	-1618.500000	1311.925781	3072.768066
498.500000	-1618.500000	1310.851563	3123.332275
498.500000	-1618.500000	1309.778320	3080.730225
498.500000	-1618.500000	1308.704102	3049.786865
498.500000	-1618.500000	1307.630859	3111.959717
498.500000	-1618.500000	1306.556641	3083.349609
498.500000	-1618.500000	1305.481445	3152.466553
498.500000	-1618.500000	1304.407227	3144.793945
498.500000	-1618.500000	1303.332031	3018.522705
498.500000	-1618.500000	1302.256836	3094.582275
498.500000	-1618.500000	1301.180664	3105.522217
498.500000	-1618.500000	1300.105469	3148.992676
498.500000	-1618.500000	1299.029297	3171.532471
498.500000	-1618.500000	1297.953125	3252.135742
498.500000	-1618.500000	1296.876953	3112.071045
498.500000	-1618.500000	1295.799805	3104.417969
498.500000	-1618.500000	1294.722656	3191.945801
498.500000	-1618.500000	1293.645508	3207.486816
498.500000	-1618.500000	1292.568359	3253.185547
498.500000	-1618.500000	1291.491211	3454.295410
498.500000	-1618.500000	1290.413086	3335.243896
498.500000	-1618.500000	1289.334961	3248.708496
498.500000	-1618.500000	1288.256836	3220.169678
498.500000	-1618.500000	1287.177734	3367.797363
498.500000	-1618.500000	1286.098633	3385.590088
498.500000	-1618.500000	1285.019531	3366.305908
498.500000	-1618.500000	1283.940430	3291.438965
498.500000	-1618.500000	1282.861328	3357.866699
498.500000	-1618.500000	1281.781250	3405.742676
498.500000	-1618.500000	1280.701172	3307.768311
498.500000	-1618.500000	1279.621094	3404.232178
498.500000	-1618.500000	1278.540039	3498.339111
498.500000	-1618.500000	1277.459961	3421.227051
498.500000	-1618.500000	1276.378906	3501.411621
498.500000	-1618.500000	1275.297852	3465.951416
498.500000	-1618.500000	1274.215820	3518.349609
498.500000	-1618.500000	1273.134766	3522.189941
498.500000	-1618.500000	1272.052734	3398.943604
498.500000	-1618.500000	1270.969727	3532.174805
498.500000	-1618.500000	1269.887695	3600.677246
498.500000	-1618.500000	1268.804688	3525.985352
498.500000	-1618.500000	1267.721680	3495.188965
498.500000	-1618.500000	1266.638672	3404.396240
498.500000	-1618.500000	1265.555664	3475.172363
498.500000	-1618.500000	1264.471680	3527.459961
498.500000	-1618.500000	1263.387695	3492.076172
498.500000	-1618.500000	1262.303711	3433.647461
498.500000	-1618.500000	1261.219727	3455.937012
498.500000	-1618.500000	1260.134766	3450.556152
498.500000	-1618.500000	1259.049805	3394.479248
498.500000	-1618.500000	1257.964844	3354.554443
498.500000	-1618.500000	1256.879883	3450.550049
498.500000	-1618.500000	1255.793945	3528.078857
498.500000	-1618.500000	1254.708008	3566.431641
498.500000	-1618.500000	1253.622070	3551.823486
498.500000	-1618.500000	1252.536133	3465.878418
498.500000	-1618.500000	1251.449219	3692.889160
498.500000	-1618.500000	1250.362305	3618.451904
498.500000	-1618.500000	1249.275391	3606.143311
498.500000	-1618.500000	1248.188477	3678.914307
498.500000	-1618.500000	1247.100586	3572.345703
498.500000	-1618.500000	1246.012695	3603.721680
498.500000	-1618.500000	1244.924805	3614.403320
498.500000	-1618.500000	1243.836914	3680.213867
498.500000	-1618.500000	1242.748047	3601.299561
498.500000	-1618.500000	1241.659180	3549.974854
498.500000	-1618.500000	1240.570313	3654.781738
498.500000	-1618.500000	1239.481445	3536.906250
498.500000	-1618.500000	1238.391602	3499.397461
498.500000	-1618.500000	1237.301758	3551.377686
498.500000	-1618.500000	1236.211914	3617.095947
498.500000	-1618.500000	1235.122070	3563.541016
498.500000	-1618.500000	1234.031250	3535.228760
498.500000	-1618.500000	1232.940430	3600.905029
498.500000	-1618.500000	1231.849609	3515.306152
498.500000	-1618.500000	1230.758789	3482.440430
498.500000	-1618.500000	1229.666992	3357.966064
498.500000	-1618.500000	1228.575195	3419.041504
498.500000	-1618.500000	1227.483398	3264.872803
498.500000	-1618.500000	1226.391602	3314.495850
498.500000	-1618.500000	1225.298828	3389.269287
498.500000	-1618.500000	1224.206055	3189.450684
498.500000	-1618.500000	1223.113281	3250.493164
498.500000	-1618.500000	1222.020508	3167.429688
498.500000	-1618.500000	1220.926758	3175.860596
498.500000	-1618.500000	1219.833008	3163.714111
498.500000	-1618.500000	1218.739258	3194.995361
498.500000	-1618.500000	1217.645508	3212.552734
498.500000	-1618.500000	1216.550781	3257.514404
498.500000	-1618.500000	1215.456055	3245.358887
498.500000	-1618.500000	1214.361328	3251.474854
498.500000	-1618.500000	1213.265625	3221.062744
498.500000	-1618.500000	1212.170898	3263.697754
498.500000	-1618.500000	1211.075195	3274.367920
498.500000	-1618.500000	1209.979492	3301.001953
498.500000	-1618.500000	1208.882813	3320.781006
498.500000	-1618.500000	1207.787109	3260.742432
498.500000	-1618.500000	1206.690430	3328.395020
498.500000	-1618.500000	1205.592773	3345.874023
498.500000	-1618.500000	1204.496094	3345.114990
498.500000	-1618.500000	1203.398438	3339.799561
498.500000	-1618.500000	1202.300781	3361.818115
498.500000	-1618.500000	1201.203125	3167.498047
498.500000	-1618.500000	1200.105469	3335.248535
498.500000	-1618.500000	1199.006836	3400.497803
498.500000	-1618.500000	1197.908203	3267.740723
498.500000	-1618.500000	1196.809570	3339.800049
498.500000	-1618.500000	1195.709961	3273.078369
498.500000	-1618.500000	1194.610352	3260.963379
498.500000	-1618.500000	1193.510742	3228.391846
498.500000	-1618.500000	1192.411133	3336.760742
498.500000	-1618.500000	1191.311523	3251.918945
498.500000	-1618.500000	1190.210938	3335.240479
498.500000	-1618.500000	1189.110352	3266.336914
498.500000	-1618.500000	1188.009766	3136.149170
498.500000	-1618.500000	1186.908203	3258.035889
498.500000	-1618.500000	1185.806641	3320.849365
498.500000	-1618.500000	1184.705078	3299.666992
498.500000	-1618.500000	1183.603516	3230.847656
498.500000	-1618.500000	1182.500977	3382.088135
498.500000	-1618.500000	1181.398438	3415.332520
498.500000	-1618.500000	1180.295898	3280.781006
498.500000	-1618.500000	1179.193359	3334.433594
498.500000	-1618.500000	1178.089844	3351.800781
498.500000	-1618.500000	1176.986328	3310.250244
498.500000	-1618.500000	1175.882813	3282.309570
498.500000	-1618.500000	1174.779297	3442.352051
498.500000	-1618.500000	1173.674805	3391.751221
498.500000	-1618.500000	1172.570313	3350.227783
498.500000	-1618.500000	1171.465820	3320.038574
498.500000	-1618.500000	1170.361328	3344.166016
498.500000	-1618.500000	1169.255859	3422.572510
498.500000	-1618.500000	1168.150391	3356.200684
498.500000	-1618.500000	1167.044922	3414.217773
498.500000	-1618.500000	1165.938477	3424.736328
498.500000	-1618.500000	1164.833008	3448.809570
498.500000	-1618.500000	1163.726563	3443.497803
498.500000	-1618.500000	1162.619141	3465.295654
498.500000	-1618.500000	1161.512695	3496.117188
498.500000	-1618.500000	1160.405273	3407.252197
498.500000	-1618.500000	1159.297852	3408.725342
498.500000	-1618.500000	1158.190430	3446.307617
498.500000	-1618.500000	1157.082031	3357.514160
498.500000	-1618.500000	1155.973633	3368.019531
498.500000	-1618.500000	1154.865234	3401.073242
498.500000	-1618.500000	1153.756836	3393.524170
498.500000	-1618.500000	1152.647461	3295.805664
498.500000	-1618.500000	1151.539063	3362.658691
498.500000	-1618.500000	1150.428711	3314.563232
498.500000	-1618.500000	1149.319336	3356.599854
498.500000	-1618.500000	1148.208984	3313.031494
498.500000	-1618.500000	1147.099609	3301.007080
498.500000	-1618.500000	1145.988281	3363.276855
498.500000	-1618.500000	1144.877930	3317.485107
498.500000	-1618.500000	1143.766602	3341.468750
498.500000	-1618.500000	1142.655273	3374.439453
498.500000	-1618.500000	1141.543945	3414.141602
498.500000	-1618.500000	1140.432617	3422.344727
498.500000	-1618.500000	1139.320313	3318.140381
498.500000	-1618.500000	1138.208008	3321.865723
498.500000	-1618.500000	1137.094727	3278.401611
498.500000	-1618.500000	1135.982422	3345.035645
498.500000	-1618.500000	1134.869141	3386.932373
498.500000	-1618.500000	1133.755859	3392.882080
498.500000	-1618.500000	1132.642578	3443.726807
498.500000	-1618.500000	1131.528320	3422.726563
498.500000	-1618.500000	1130.414063	3543.100586
498.500000	-1618.500000	1129.299805	3481.705322
498.500000	-1618.500000	1128.185547	3404.638184
498.500000	-1618.500000	1127.070313	3518.203857
498.500000	-1618.500000	1125.955078	3447.888428
498.500000	-1618.500000	1124.839844	3447.084961
498.500000	-1618.500000	1123.723633	3497.818604
498.500000	-1618.500000	1122.608398	3512.684326
498.500000	-1618.500000	1121.492188	3509.625000
498.500000	-1618.500000	1120.375000	3607.330078
498.500000	-1618.500000	1119.258789	3501.270508
498.500000	-1618.500000	1118.141602	3540.739014
498.500000	-1618.500000	1117.024414	3499.634521
498.500000	-1618.500000	1115.907227	3440.651855
498.500000	-1618.500000	1114.789063	3518.127197
498.500000	-1618.500000	1113.670898	3593.329590
498.500000	-1618.500000	1112.552734	3603.666016
498.500000	-1618.500000	1111.434570	3605.057129
498.500000	-1618.500000	1110.315430	3628.791748
498.500000	-1618.500000	1109.196289	3558.688721
498.500000	-1618.500000	1108.077148	3651.658447
498.500000	-1618.500000	1106.957031	3677.596680
498.500000	-1618.500000	1105.836914	3761.564209
498.500000	-1618.500000	1104.716797	3803.086426
498.500000	-1618.500000	1103.596680	3907.066162
498.500000	-1618.500000	1102.476563	3850.377930
498.500000	-1618.500000	1101.355469	3858.394043
498.500000	-1618.500000	1100.234375	3772.755859
498.500000	-1618.500000	1099.112305	3834.286865
498.500000	-1618.500000	1097.991211	3880.187500
498.500000	-1618.500000	1096.869141	3879.273926
498.500000	-1618.500000	1095.746094	3987.515625
498.500000	-1618.500000	1094.624023	3993.257324
498.500000	-1618.500000	1093.500977	3923.291016
498.500000	-1618.500000	1092.377930	3924.592041
498.500000	-1618.500000	1091.254883	4039.395264
498.500000	-1618.500000	1090.130859	4071.817383
498.500000	-1618.500000	1089.007813	4117.570801
498.500000	-1618.500000	1087.883789	4185.541504
498.500000	-1618.500000	1086.758789	4204.563477
498.500000	-1618.500000	1085.634766	4305.824219
498.500000	-1618.500000	1084.509766	4400.369629
498.500000	-1618.500000	1083.383789	4419.325195
498.500000	-1618.500000	1082.258789	4387.180176
498.500000	-1618.500000	1081.132813	4530.495117
498.500000	-1618.500000	1080.006836	4513.879395
498.500000	-1618.500000	1078.880859	4741.446777
498.500000	-1618.500000	1077.754883	4877.916016
498.500000	-1618.500000	1076.627930	4807.978027
498.500000	-1618.500000	1075.500977	4919.965332
498.500000	-1618.500000	1074.373047	5005.286133
498.500000	-1618.500000	1073.246094	5081.697266
498.500000	-1618.500000	1072.118164	5018.424316
498.500000	-1618.500000	1070.990234	5043.824219
498.500000	-1618.500000	1069.861328	5073.642578
498.500000	-1618.500000	1068.732422	5034.779785
498.500000	-1618.500000	1067.603516	4913.997559
498.500000	-1618.500000	1066.474609	4826.481934
498.500000	-1618.500000	1065.344727	4727.939941
498.500000	-1618.500000	1064.215820	4693.619141
498.500000	-1618.500000	1063.084961	4446.923828
498.500000	-1618.500000	1061.955078	4514.430664
498.500000	-1618.500000	1060.824219	4435.956055
498.500000	-1618.500000	1059.693359	4337.621094
498.500000	-1618.500000	1058.562500	4347.636230
498.500000	-1618.500000	1057.431641	4362.065430
498.500000	-1618.500000	1056.299805	4285.908691
498.500000	-1618.500000	1055.167969	4253.961914
498.500000	-1618.500000	1054.036133	4177.865723
498.500000	-1618.500000	1052.903320	4218.811035
498.500000	-1618.500000	1051.770508	4180.279785
498.500000	-1618.500000	1050.637695	4280.780762
498.500000	-1618.500000	1049.504883	4200.336426
498.500000	-1618.500000	1048.371094	4219.179199
498.500000	-1618.500000	1047.237305	4167.451660
498.500000	-1618.500000	1046.103516	4058.432129
498.500000	-1618.500000	1044.968750	4337.358398
498.500000	-1618.500000	1043.833984	4250.383301
498.500000	-1618.500000	1042.699219	4269.187500
498.500000	-1618.500000	1041.564453	4448.753906
498.500000	-1618.500000	1040.428711	4397.041504
498.500000	-1618.500000	1039.292969	4565.482910
498.500000	-1618.500000	1038.157227	4447.743164
498.500000	-1618.500000	1037.020508	4512.678711
498.500000	-1618.500000	1035.883789	4392.807129
498.500000	-1618.500000	1034.747070	4459.922363
498.500000	-1618.500000	1033.610352	4353.311523
498.500000	-1618.500000	1032.472656	4556.685547
498.500000	-1618.500000	1031.334961	4478.669922
498.500000	-1618.500000	1030.197266	4550.090820
498.500000	-1618.500000	1029.059570	4404.020996
498.500000	-1618.500000	1027.920898	4536.911621
498.500000	-1618.500000	1026.782227	4522.641602
498.500000	-1618.500000	1025.643555	4475.453613
498.500000	-1618.500000	1024.503906	4491.925293
498.500000	-1618.500000	1023.364258	4460.123535
498.500000	-1618.500000	1022.224609	4373.502441
498.500000	-1618.500000	1021.084961	4429.455078
498.500000	-1618.500000	1019.944336	4314.382813
498.500000	-1618.500000	1018.803711	4392.238770
498.500000	-1618.500000	1017.662109	4250.935547
498.500000	-1618.500000	1016.521484	4171.038574
498.500000	-1618.500000	1015.379883	4202.877441
498.500000	-1618.500000	1014.238281	4177.770020
498.500000	-1618.500000	1013.095703	4303.720215
498.500000	-1618.500000	1011.954102	4335.501465
498.500000	-1618.500000	1010.811523	4196.601563
498.500000	-1618.500000	1009.667969	4265.578613
498.500000	-1618.500000	1008.525391	4432.934082
498.500000	-1618.500000	1007.381836	4635.189453
498.500000	-1618.500000	1006.238281	4839.531738
498.500000	-1618.500000	1005.093750	5371.574707
498.500000	-1618.500000	1003.950195	5829.073730
498.500000	-1618.500000	1002.805664	5759.937500
498.500000	-1618.500000	1001.660156	5326.149414
498.500000	-1618.500000	1000.515625	5030.114258
498.500000	-1618.500000	999.370117	4684.021484
498.500000	-1618.500000	998.224609	4517.032715
498.500000	-1618.500000	997.078125	4515.926758
498.500000	-1618.500000	995.931641	4355.602539
498.500000	-1618.500000	994.785156	4378.521484
498.500000	-1618.500000	993.638672	4403.608398
498.500000	-1618.500000	992.492188	4459.194336
498.500000	-1618.500000	991.344727	4410.164063
498.500000	-1618.500000	990.196289	4513.644531
498.500000	-1618.500000	989.048828	4466.801270
498.500000	-1618.500000	987.900391	4406.915527
498.500000	-1618.500000	986.751953	4386.241211
498.500000	-1618.500000	985.603516	4500.504395
498.500000	-1618.500000	984.454102	4571.195801
498.500000	-1618.500000	983.304688	4543.968262
498.500000	-1618.500000	982.155273	4492.832520
498.500000	-1618.500000	981.005859	4663.480469
498.500000	-1618.500000	979.855469	4734.059082
498.500000	-1618.500000	978.705078	4876.312988
498.500000	-1618.500000	977.553711	5068.462891
498.500000	-1618.500000	976.403320	5197.530273
498.500000	-1618.500000	975.251953	5467.675781
498.500000	-1618.500000	974.100586	5863.599609
498.500000	-1618.500000	972.948242	6215.919434
498.500000	-1618.500000	971.795898	6717.781738
498.500000	-1618.500000	970.643555	7375.583008
498.500000	-1618.500000	969.491211	7996.189453
498.500000	-1618.500000	968.337891	8876.671875
498.500000	-1618.500000	967.184570	9823.916016
498.500000	-1618.500000	966.031250	10764.186523
498.500000	-1618.500000	964.876953	11612.991211
498.500000	-1618.500000	963.722656	12532.853516
498.500000	-1618.500000	962.568359	13185.896484
498.500000	-1618.500000	961.414063	13760.673828
498.500000	-1618.500000	960.258789	13967.206055
498.500000	-1618.500000	959.103516	13862.029297
498.500000	-1618.500000	957.948242	13430.233398
498.500000	-1618.500000	956.791992	12518.499023
498.500000	-1618.500000	955.635742	11892.640625
498.500000	-1618.500000	954.479492	11072.533203
498.500000	-1618.500000	953.322266	10319.830078
498.500000	-1618.500000	952.166016	9908.887695
498.500000	-1618.500000	951.007813	9020.756836
498.500000	-1618.500000	949.850586	8647.053711
498.500000	-1618.500000	948.692383	8027.401855
498.500000	-1618.500000	947.534180	7585.057617
498.500000	-1618.500000	946.375977	7076.035156
498.500000	-1618.500000	945.216797	6921.086914
498.500000	-1618.500000	944.058594	6470.718750
498.500000	-1618.500000	942.898438	6359.124512
498.500000	-1618.500000	941.739258	6096.676758
498.500000	-1618.500000	940.579102	5838.670410
498.500000	-1618.500000	939.418945	5520.458984
498.500000	-1618.500000	938.258789	5432.906250
498.500000	-1618.500000	937.097656	5310.937500
498.500000	-1618.500000	935.936523	5350.513672
498.500000	-1618.500000	934.775391	5138.216797
498.500000	-1618.500000	933.613281	5085.276367
498.500000	-1618.500000	932.451172	4808.605957
498.500000	-1618.500000	931.289063	4699.848145
498.500000	-1618.500000	930.126953	4756.726563
498.500000	-1618.500000	928.963867	4574.939453
498.500000	-1618.500000	927.800781	4676.955078
498.500000	-1618.500000	926.637695	4585.526855
498.500000	-1618.500000	925.473633	4543.553711
498.500000	-1618.500000	924.309570	4619.725098
498.500000	-1618.500000	923.145508	4511.200684
498.500000	-1618.500000	921.980469	4477.862305
498.500000	-1618.500000	920.815430	4466.000488
498.500000	-1618.500000	919.650391	4559.275391
498.500000	-1618.500000	918.485352	4474.467285
498.500000	-1618.500000	917.319336	4327.512207
498.500000	-1618.500000	916.153320	4457.195313
498.500000	-1618.500000	914.986328	4280.310059
498.500000	-1618.500000	913.820313	4347.795898
498.500000	-1618.500000	912.653320	4346.693359
498.500000	-1618.500000	911.485352	4343.449219
498.500000	-1618.500000	910.318359	4282.393555
498.500000	-1618.500000	909.150391	4347.666504
498.500000	-1618.500000	907.982422	4235.276367
498.500000	-1618.500000	906.813477	4319.782227
498.500000	-1618.500000	905.644531	4134.728027
498.500000	-1618.500000	904.475586	4133.676270
498.500000	-1618.500000	903.306641	4254.485840
498.500000	-1618.500000	902.136719	4193.555664
498.500000	-1618.500000	900.966797	4273.687012
498.500000	-1618.500000	899.796875	4148.692383
498.500000	-1618.500000	898.625977	4151.905762
498.500000	-1618.500000	897.455078	4172.198242
498.500000	-1618.500000	896.284180	4218.095703
498.500000	-1618.500000	895.112305	4193.542969
498.500000	-1618.500000	893.940430	4177.536133
498.500000	-1618.500000	892.768555	4174.334961
498.500000	-1618.500000	891.596680	4179.664551
498.500000	-1618.500000	890.423828	4268.136230
498.500000	-1618.500000	889.250977	4249.992188
498.500000	-1618.500000	888.078125	4261.687988
498.500000	-1618.500000	886.904297	4294.680664
498.500000	-1618.500000	885.730469	4206.259277
498.500000	-1618.500000	884.555664	4226.472168
498.500000	-1618.500000	883.381836	4319.047852
498.500000	-1618.500000	882.207031	4298.785645
498.500000	-1618.500000	881.032227	4189.174805
498.500000	-1618.500000	879.856445	4279.559570
498.500000	-1618.500000	878.680664	4259.320313
498.500000	-1618.500000	877.504883	4300.742676
498.500000	-1618.500000	876.329102	4174.237793
498.500000	-1618.500000	875.152344	4351.647949
498.500000	-1618.500000	873.975586	4301.667969
498.500000	-1618.500000	872.797852	4281.444824
498.500000	-1618.500000	871.620117	4322.803711
498.500000	-1618.500000	870.442383	4342.914063
498.500000	-1618.500000	869.264648	4199.612305
498.500000	-1618.500000	868.085938	4251.565918
498.500000	-1618.500000	866.907227	4205.925781
498.500000	-1618.500000	865.728516	4219.680664
498.500000	-1618.500000	864.548828	4335.182617
498.500000	-1618.500000	863.370117	4278.957031
498.500000	-1618.500000	862.189453	4362.600098
498.500000	-1618.500000	861.009766	4350.877930
498.500000	-1618.500000	859.829102	4360.338379
498.500000	-1618.500000	858.648438	4382.495117
498.500000	-1618.500000	857.466797	4504.120117
498.500000	-1618.500000	856.285156	4447.933105
498.500000	-1618.500000	855.103516	4434.083984
498.500000	-1618.500000	853.921875	4464.655273
498.500000	-1618.500000	852.739258	4474.065918
498.500000	-1618.500000	851.556641	4491.925781
498.500000	-1618.500000	850.374023	4437.923828
498.500000	-1618.500000	849.190430	4367.046875
498.500000	-1618.500000	848.006836	4389.142578
498.500000	-1618.500000	846.823242	4257.075684
498.500000	-1618.500000	845.638672	4260.187012
498.500000	-1618.500000	844.454102	4322.390625
498.500000	-1618.500000	843.269531	4236.861816
498.500000	-1618.500000	842.083984	4343.335938
498.500000	-1618.500000	840.898438	4297.913574
498.500000	-1618.500000	839.712891	4313.655762
498.500000	-1618.500000	838.527344	4289.340820
498.500000	-1618.500000	837.340820	4265.038086
498.500000	-1618.500000	836.153320	4284.987305
498.500000	-1618.500000	834.966797	4435.504883
498.500000	-1618.500000	833.779297	4354.329590
498.500000	-1618.500000	832.591797	4222.675293
498.500000	-1618.500000	831.404297	4255.238281
498.500000	-1618.500000	830.215820	4136.300781
498.500000	-1618.500000	829.027344	4141.523438
498.500000	-1618.500000	827.837891	4020.574219
498.500000	-1618.500000	826.649414	4208.719238
498.500000	-1618.500000	825.458984	4178.187500
498.500000	-1618.500000	824.269531	4124.558105
498.500000	-1618.500000	823.079102	4125.571777
498.500000	-1618.500000	821.888672	4042.582275
498.500000	-1618.500000	820.698242	4148.589844
498.500000	-1618.500000	819.506836	4111.812988
498.500000	-1618.500000	818.315430	4259.711914
498.500000	-1618.500000	817.124023	4369.770996
498.500000	-1618.500000	815.931641	4387.491211
498.500000	-1618.500000	814.739258	4419.877930
498.500000	-1618.500000	813.546875	4481.593262
498.500000	-1618.500000	812.354492	4400.773438
498.500000	-1618.500000	811.161133	4330.471191
498.500000	-1618.500000	809.966797	4180.613770
498.500000	-1618.500000	808.773438	4104.123535
498.500000	-1618.500000	807.579102	4144.901855
498.500000	-1618.500000	806.384766	3978.468018
498.500000	-1618.500000	805.189453	4059.010010
498.500000	-1618.500000	803.994141	4030.739014
498.500000	-1618.500000	802.798828	3964.841064
498.500000	-1618.500000	801.603516	3871.799805
498.500000	-1618.500000	800.407227	3895.849609
498.500000	-1618.500000	799.210938	3919.885986
498.500000	-1618.500000	798.013672	3929.286133
498.500000	-1618.500000	796.816406	3903.177979
498.500000	-1618.500000	795.619141	3818.624023
498.500000	-1618.500000	794.421875	3757.074219
498.500000	-1618.500000	793.223633	3879.186768
498.500000	-1618.500000	792.025391	3951.165527
498.500000	-1618.500000	790.826172	3837.487549
498.500000	-1618.500000	789.626953	3805.185547
498.500000	-1618.500000	788.427734	3920.897949
498.500000	-1618.500000	787.228516	3842.743408
498.500000	-1618.500000	786.028320	3864.630859
498.500000	-1618.500000	784.828125	3913.582275
498.500000	-1618.500000	783.626953	3929.190674
498.500000	-1618.500000	782.426758	3878.176270
498.500000	-1618.500000	781.225586	3877.135010
498.500000	-1618.500000	780.023438	3780.387695
498.500000	-1618.500000	778.821289	3841.771973
498.500000	-1618.500000	777.619141	3849.056885
498.500000	-1618.500000	776.416992	3885.441406
498.500000	-1618.500000	775.213867	3768.009277
498.500000	-1618.500000	774.010742	3910.360596
498.500000	-1618.500000	772.807617	3909.306885
498.500000	-1618.500000	771.603516	3858.413330
498.500000	-1618.500000	770.399414	3907.198730
498.500000	-1618.500000	769.194336	3906.144287
498.500000	-1618.500000	767.990234	3878.114990
498.500000	-1618.500000	766.784180	3787.867920
498.500000	-1618.500000	765.579102	3797.213135
498.500000	-1618.500000	764.373047	3808.625977
498.500000	-1618.500000	763.166992	3873.922607
498.500000	-1618.500000	761.960938	3895.667480
498.500000	-1618.500000	760.753906	3836.607422
498.500000	-1618.500000	759.546875	3806.572998
498.500000	-1618.500000	758.338867	3958.756104
498.500000	-1618.500000	757.131836	3881.095215
498.500000	-1618.500000	755.923828	3849.001221
498.500000	-1618.500000	754.714844	3881.056641
498.500000	-1618.500000	753.505859	3925.502930
498.500000	-1618.500000	752.296875	3839.661133
498.500000	-1618.500000	751.087891	3921.300781
498.500000	-1618.500000	749.877930	3831.372070
498.500000	-1618.500000	748.667969	3803.470947
498.500000	-1618.500000	747.457031	3897.443848
498.500000	-1618.500000	746.247070	3855.084229
498.500000	-1618.500000	745.036133	3839.582520
498.500000	-1618.500000	743.824219	3857.108154
498.500000	-1618.500000	742.612305	3767.338867
498.500000	-1618.500000	741.400391	3855.001465
498.500000	-1618.500000	740.188477	3829.203125
498.500000	-1618.500000	738.975586	3801.356689
498.500000	-1618.500000	737.762695	3851.839111
498.500000	-1618.500000	736.548828	3840.482666
498.500000	-1618.500000	735.334961	3818.832764
498.500000	-1618.500000	734.121094	3898.095459
498.500000	-1618.500000	732.907227	3802.328613
498.500000	-1618.500000	731.692383	3830.098389
498.500000	-1618.500000	730.476563	3868.139648
498.500000	-1618.500000	729.261719	3844.450684
498.500000	-1618.500000	728.045898	3818.717529
498.500000	-1618.500000	726.830078	3873.174561
498.500000	-1618.500000	725.613281	3882.385254
498.500000	-1618.500000	724.396484	3801.183350
