545.620000	-2796.200000	1819.744141	1275.410767
545.620000	-2796.200000	1818.779297	1272.818481
545.620000	-2796.200000	1817.815430	1293.273926
545.620000	-2796.200000	1816.850586	1248.941284
545.620000	-2796.200000	1815.884766	1305.661377
545.620000	-2796.200000	1814.919922	1276.885620
545.620000	-2796.200000	1813.954102	1240.354126
545.620000	-2796.200000	1812.989258	1253.027588
545.620000	-2796.200000	1812.023438	1340.757324
545.620000	-2796.200000	1811.056641	1247.304810
545.620000	-2796.200000	1810.090820	1187.526855
545.620000	-2796.200000	1809.124023	1329.532959
545.620000	-2796.200000	1808.157227	1300.796021
545.620000	-2796.200000	1807.190430	1287.584717
545.620000	-2796.200000	1806.223633	1323.493164
545.620000	-2796.200000	1805.255859	1281.854492
545.620000	-2796.200000	1804.288086	1335.835327
545.620000	-2796.200000	1803.320313	1309.711670
545.620000	-2796.200000	1802.352539	1345.583984
545.620000	-2796.200000	1801.384766	1373.694458
545.620000	-2796.200000	1800.416016	1252.061523
545.620000	-2796.200000	1799.447266	1344.705200
545.620000	-2796.200000	1798.478516	1261.838257
545.620000	-2796.200000	1797.509766	1305.421753
545.620000	-2796.200000	1796.540039	1323.192993
545.620000	-2796.200000	1795.571289	1387.374268
545.620000	-2796.200000	1794.601563	1402.541748
545.620000	-2796.200000	1793.631836	1257.889038
545.620000	-2796.200000	1792.661133	1278.232300
545.620000	-2796.200000	1791.691406	1295.990112
545.620000	-2796.200000	1790.720703	1380.715332
545.620000	-2796.200000	1789.750000	1411.320313
545.620000	-2796.200000	1788.779297	1364.666626
545.620000	-2796.200000	1787.807617	1325.756226
545.620000	-2796.200000	1786.835938	1428.417480
545.620000	-2796.200000	1785.865234	1399.802612
545.620000	-2796.200000	1784.892578	1322.320679
545.620000	-2796.200000	1783.920898	1311.745728
545.620000	-2796.200000	1782.949219	1409.177979
545.620000	-2796.200000	1781.976563	1370.308472
545.620000	-2796.200000	1781.003906	1357.159546
545.620000	-2796.200000	1780.031250	1356.865479
545.620000	-2796.200000	1779.057617	1400.249023
545.620000	-2796.200000	1778.084961	1435.907593
545.620000	-2796.200000	1777.111328	1353.415894
545.620000	-2796.200000	1776.137695	1407.042358
545.620000	-2796.200000	1775.164063	1327.159546
545.620000	-2796.200000	1774.189453	1349.970703
545.620000	-2796.200000	1773.214844	1403.563110
545.620000	-2796.200000	1772.240234	1333.994385
545.620000	-2796.200000	1771.265625	1441.428223
545.620000	-2796.200000	1770.291016	1384.702759
545.620000	-2796.200000	1769.315430	1330.565430
545.620000	-2796.200000	1768.340820	1409.735718
545.620000	-2796.200000	1767.365234	1406.868530
545.620000	-2796.200000	1766.389648	1391.192261
545.620000	-2796.200000	1765.413086	1370.399780
545.620000	-2796.200000	1764.436523	1380.347534
545.620000	-2796.200000	1763.460938	1449.180054
545.620000	-2796.200000	1762.484375	1438.627808
545.620000	-2796.200000	1761.506836	1433.198730
545.620000	-2796.200000	1760.530273	1420.095825
545.620000	-2796.200000	1759.552734	1381.416748
545.620000	-2796.200000	1758.575195	1434.828979
545.620000	-2796.200000	1757.597656	1488.218140
545.620000	-2796.200000	1756.620117	1413.757935
545.620000	-2796.200000	1755.641602	1410.897217
545.620000	-2796.200000	1754.663086	1441.258179
545.620000	-2796.200000	1753.684570	1412.843994
545.620000	-2796.200000	1752.706055	1432.974243
545.620000	-2796.200000	1751.727539	1442.880615
545.620000	-2796.200000	1750.748047	1419.590820
545.620000	-2796.200000	1749.768555	1493.312622
545.620000	-2796.200000	1748.789063	1462.365601
545.620000	-2796.200000	1747.809570	1439.086670
545.620000	-2796.200000	1746.829102	1545.919922
545.620000	-2796.200000	1745.848633	1486.926392
545.620000	-2796.200000	1744.868164	1433.058105
545.620000	-2796.200000	1743.887695	1473.539795
545.620000	-2796.200000	1742.907227	1475.771729
545.620000	-2796.200000	1741.925781	1526.420044
545.620000	-2796.200000	1740.945313	1556.664673
545.620000	-2796.200000	1739.962891	1630.198486
545.620000	-2796.200000	1738.981445	1578.915283
545.620000	-2796.200000	1738.000000	1576.029907
545.620000	-2796.200000	1737.017578	1575.691406
545.620000	-2796.200000	1736.035156	1519.363037
545.620000	-2796.200000	1735.052734	1582.647949
545.620000	-2796.200000	1734.070313	1640.817871
545.620000	-2796.200000	1733.086914	1589.598389
545.620000	-2796.200000	1732.103516	1650.284668
545.620000	-2796.200000	1731.120117	1672.810913
545.620000	-2796.200000	1730.136719	1697.869141
545.620000	-2796.200000	1729.153320	1626.351929
545.620000	-2796.200000	1728.168945	1671.734375
545.620000	-2796.200000	1727.184570	1732.337891
545.620000	-2796.200000	1726.200195	1792.915405
545.620000	-2796.200000	1725.215820	1777.296997
545.620000	-2796.200000	1724.231445	1809.915771
545.620000	-2796.200000	1723.246094	1809.527832
545.620000	-2796.200000	1722.260742	1809.140015
545.620000	-2796.200000	1721.275391	1864.562378
545.620000	-2796.200000	1720.289063	1780.465820
545.620000	-2796.200000	1719.303711	1815.584717
545.620000	-2796.200000	1718.317383	1794.914307
545.620000	-2796.200000	1717.331055	1741.302246
545.620000	-2796.200000	1716.344727	1763.736328
545.620000	-2796.200000	1715.357422	1834.298462
545.620000	-2796.200000	1714.371094	1841.504883
545.620000	-2796.200000	1713.383789	1843.643311
545.620000	-2796.200000	1712.396484	1676.140991
545.620000	-2796.200000	1711.409180	1766.912476
545.620000	-2796.200000	1710.420898	1771.596191
545.620000	-2796.200000	1709.432617	1773.747559
545.620000	-2796.200000	1708.444336	1791.076538
545.620000	-2796.200000	1707.456055	1846.336548
545.620000	-2796.200000	1706.467773	1795.368042
545.620000	-2796.200000	1705.478516	1734.308716
545.620000	-2796.200000	1704.489258	1893.177246
545.620000	-2796.200000	1703.500000	1837.177124
545.620000	-2796.200000	1702.510742	1975.743408
545.620000	-2796.200000	1701.521484	1897.015625
545.620000	-2796.200000	1700.531250	1962.271973
545.620000	-2796.200000	1699.541016	1936.603760
545.620000	-2796.200000	1698.550781	1928.616943
545.620000	-2796.200000	1697.560547	1973.634033
545.620000	-2796.200000	1696.569336	1960.596069
545.620000	-2796.200000	1695.578125	2056.041992
545.620000	-2796.200000	1694.586914	2037.947632
545.620000	-2796.200000	1693.595703	2037.512573
545.620000	-2796.200000	1692.604492	2009.345215
545.620000	-2796.200000	1691.612305	2109.740234
545.620000	-2796.200000	1690.620117	2167.251465
545.620000	-2796.200000	1689.627930	2144.113525
545.620000	-2796.200000	1688.635742	2231.820557
545.620000	-2796.200000	1687.642578	2221.270508
545.620000	-2796.200000	1686.650391	2195.617676
545.620000	-2796.200000	1685.657227	2207.736328
545.620000	-2796.200000	1684.664063	2217.333008
545.620000	-2796.200000	1683.669922	2254.604736
545.620000	-2796.200000	1682.676758	2309.470703
545.620000	-2796.200000	1681.682617	2364.313477
545.620000	-2796.200000	1680.688477	2356.265381
545.620000	-2796.200000	1679.694336	2292.909424
545.620000	-2796.200000	1678.699219	2257.230225
545.620000	-2796.200000	1677.704102	2397.481934
545.620000	-2796.200000	1676.709961	2324.107178
545.620000	-2796.200000	1675.713867	2321.100098
545.620000	-2796.200000	1674.718750	2345.720459
545.620000	-2796.200000	1673.723633	2425.571045
545.620000	-2796.200000	1672.727539	2354.762939
545.620000	-2796.200000	1671.731445	2404.458984
545.620000	-2796.200000	1670.735352	2449.114990
545.620000	-2796.200000	1669.738281	2423.505615
545.620000	-2796.200000	1668.742188	2407.939941
545.620000	-2796.200000	1667.745117	2452.566650
545.620000	-2796.200000	1666.748047	2386.857422
545.620000	-2796.200000	1665.750000	2386.349365
545.620000	-2796.200000	1664.752930	2453.507324
545.620000	-2796.200000	1663.754883	2380.322754
545.620000	-2796.200000	1662.756836	2389.836426
545.620000	-2796.200000	1661.758789	2419.382324
545.620000	-2796.200000	1660.760742	2371.291748
545.620000	-2796.200000	1659.761719	2318.214355
545.620000	-2796.200000	1658.762695	2382.797607
545.620000	-2796.200000	1657.763672	2284.697021
545.620000	-2796.200000	1656.764648	2304.226074
545.620000	-2796.200000	1655.765625	2311.240234
545.620000	-2796.200000	1654.765625	2270.735840
545.620000	-2796.200000	1653.765625	2302.756592
545.620000	-2796.200000	1652.765625	2357.261475
545.620000	-2796.200000	1651.765625	2289.281494
545.620000	-2796.200000	1650.764648	2228.826416
545.620000	-2796.200000	1649.764648	2260.828613
545.620000	-2796.200000	1648.763672	2320.291016
545.620000	-2796.200000	1647.761719	2299.821289
545.620000	-2796.200000	1646.760742	2326.794678
545.620000	-2796.200000	1645.758789	2371.228760
545.620000	-2796.200000	1644.756836	2280.886963
545.620000	-2796.200000	1643.754883	2462.534912
545.620000	-2796.200000	1642.752930	2402.145264
545.620000	-2796.200000	1641.750977	2478.946289
545.620000	-2796.200000	1640.748047	2533.273926
545.620000	-2796.200000	1639.745117	2575.114258
545.620000	-2796.200000	1638.742188	2532.197754
545.620000	-2796.200000	1637.738281	2583.987549
545.620000	-2796.200000	1636.735352	2521.157227
545.620000	-2796.200000	1635.731445	2440.918457
545.620000	-2796.200000	1634.727539	2348.262451
545.620000	-2796.200000	1633.723633	2444.861328
545.620000	-2796.200000	1632.718750	2252.677734
545.620000	-2796.200000	1631.714844	2331.835205
545.620000	-2796.200000	1630.709961	2199.471436
545.620000	-2796.200000	1629.705078	2179.104004
545.620000	-2796.200000	1628.699219	2138.848877
545.620000	-2796.200000	1627.694336	2078.718750
545.620000	-2796.200000	1626.688477	2118.052979
545.620000	-2796.200000	1625.682617	2105.176270
545.620000	-2796.200000	1624.676758	2052.546143
545.620000	-2796.200000	1623.669922	2012.360107
545.620000	-2796.200000	1622.664063	2081.481201
545.620000	-2796.200000	1621.657227	1989.156006
545.620000	-2796.200000	1620.650391	2013.562012
545.620000	-2796.200000	1619.642578	1978.382690
545.620000	-2796.200000	1618.635742	2015.189209
545.620000	-2796.200000	1617.627930	1975.061890
545.620000	-2796.200000	1616.620117	1954.797119
545.620000	-2796.200000	1615.612305	1934.540894
545.620000	-2796.200000	1614.604492	1968.845703
545.620000	-2796.200000	1613.595703	1938.678345
545.620000	-2796.200000	1612.586914	1963.053101
545.620000	-2796.200000	1611.578125	1895.728516
545.620000	-2796.200000	1610.569336	1895.326416
545.620000	-2796.200000	1609.559570	1986.574219
545.620000	-2796.200000	1608.550781	1909.381348
545.620000	-2796.200000	1607.541016	1956.019775
545.620000	-2796.200000	1606.530273	2116.509033
545.620000	-2796.200000	1605.520508	2155.658936
545.620000	-2796.200000	1604.509766	2281.395996
545.620000	-2796.200000	1603.500000	2369.971680
545.620000	-2796.200000	1602.489258	2268.061523
545.620000	-2796.200000	1601.477539	2438.205322
545.620000	-2796.200000	1600.466797	2323.962402
545.620000	-2796.200000	1599.455078	2372.905029
545.620000	-2796.200000	1598.443359	2256.252930
545.620000	-2796.200000	1597.431641	2139.650146
545.620000	-2796.200000	1596.419922	2146.606934
545.620000	-2796.200000	1595.407227	1963.395508
545.620000	-2796.200000	1594.394531	2034.584595
545.620000	-2796.200000	1593.381836	1962.562744
545.620000	-2796.200000	1592.369141	1900.443848
545.620000	-2796.200000	1591.356445	1892.637939
545.620000	-2796.200000	1590.342773	1953.913208
545.620000	-2796.200000	1589.329102	1938.699585
545.620000	-2796.200000	1588.315430	1891.434082
545.620000	-2796.200000	1587.301758	1925.549927
545.620000	-2796.200000	1586.287109	1947.326294
545.620000	-2796.200000	1585.272461	1909.946533
545.620000	-2796.200000	1584.257813	2015.490234
545.620000	-2796.200000	1583.243164	1973.184937
545.620000	-2796.200000	1582.228516	1921.046021
545.620000	-2796.200000	1581.212891	1972.348145
545.620000	-2796.200000	1580.197266	1947.311523
545.620000	-2796.200000	1579.181641	1949.359863
545.620000	-2796.200000	1578.166016	1951.407227
545.620000	-2796.200000	1577.149414	1928.850952
545.620000	-2796.200000	1576.133789	1884.166382
545.620000	-2796.200000	1575.117188	1935.410522
545.620000	-2796.200000	1574.099609	1883.367188
545.620000	-2796.200000	1573.083008	1905.091431
545.620000	-2796.200000	1572.065430	1857.991821
545.620000	-2796.200000	1571.047852	1889.540527
545.620000	-2796.200000	1570.030273	1879.313354
545.620000	-2796.200000	1569.012695	1859.265869
545.620000	-2796.200000	1567.995117	1839.226929
545.620000	-2796.200000	1566.976563	1907.578369
545.620000	-2796.200000	1565.958008	1929.264526
545.620000	-2796.200000	1564.939453	1911.677246
545.620000	-2796.200000	1563.919922	1913.725220
545.620000	-2796.200000	1562.901367	1901.054321
545.620000	-2796.200000	1561.881836	1922.723145
545.620000	-2796.200000	1560.862305	1841.401489
545.620000	-2796.200000	1559.841797	1931.713013
545.620000	-2796.200000	1558.822266	1904.343384
545.620000	-2796.200000	1557.801758	1886.786743
545.620000	-2796.200000	1556.781250	1903.535400
545.620000	-2796.200000	1555.760742	1966.814209
545.620000	-2796.200000	1554.740234	1861.097900
545.620000	-2796.200000	1553.718750	1899.875732
545.620000	-2796.200000	1552.697266	1914.159180
545.620000	-2796.200000	1551.675781	1901.516724
545.620000	-2796.200000	1550.654297	1952.494629
545.620000	-2796.200000	1549.631836	1815.092163
545.620000	-2796.200000	1548.609375	2071.505127
545.620000	-2796.200000	1547.587891	2193.324219
545.620000	-2796.200000	1546.564453	2121.963623
545.620000	-2796.200000	1545.541992	2153.287109
545.620000	-2796.200000	1544.518555	1876.700928
545.620000	-2796.200000	1543.495117	1912.948975
545.620000	-2796.200000	1542.471680	1841.708008
545.620000	-2796.200000	1541.448242	1956.094116
545.620000	-2796.200000	1540.424805	1916.614014
545.620000	-2796.200000	1539.400391	1908.884033
545.620000	-2796.200000	1538.375977	1847.465942
545.620000	-2796.200000	1537.351563	1959.313354
545.620000	-2796.200000	1536.326172	2017.444580
545.620000	-2796.200000	1535.301758	1934.091675
545.620000	-2796.200000	1534.276367	1882.473755
545.620000	-2796.200000	1533.250977	1908.891113
545.620000	-2796.200000	1532.224609	1957.233643
545.620000	-2796.200000	1531.199219	1869.090088
545.620000	-2796.200000	1530.172852	1980.765869
545.620000	-2796.200000	1529.146484	1846.373413
545.620000	-2796.200000	1528.120117	1965.312378
545.620000	-2796.200000	1527.093750	1940.546753
545.620000	-2796.200000	1526.066406	1976.648804
545.620000	-2796.200000	1525.039063	1839.937134
545.620000	-2796.200000	1524.011719	1890.644653
545.620000	-2796.200000	1522.984375	1931.599609
545.620000	-2796.200000	1521.956055	1899.570068
545.620000	-2796.200000	1520.927734	1879.712646
545.620000	-2796.200000	1519.899414	1867.157104
545.620000	-2796.200000	1518.871094	1990.724731
545.620000	-2796.200000	1517.842773	1970.860229
545.620000	-2796.200000	1516.813477	1926.707642
545.620000	-2796.200000	1515.784180	1955.447510
545.620000	-2796.200000	1514.754883	1906.459473
545.620000	-2796.200000	1513.725586	1986.181152
545.620000	-2796.200000	1512.695313	1908.076294
545.620000	-2796.200000	1511.666016	1953.784668
545.620000	-2796.200000	1510.635742	1958.222168
545.620000	-2796.200000	1509.604492	1921.415161
545.620000	-2796.200000	1508.574219	1993.771729
545.620000	-2796.200000	1507.542969	1915.747681
545.620000	-2796.200000	1506.511719	1944.433838
545.620000	-2796.200000	1505.480469	2055.522461
545.620000	-2796.200000	1504.449219	1919.371826
545.620000	-2796.200000	1503.416992	2006.188965
545.620000	-2796.200000	1502.384766	1908.865234
545.620000	-2796.200000	1501.352539	1981.115967
545.620000	-2796.200000	1500.320313	2036.386108
545.620000	-2796.200000	1499.288086	1953.642944
545.620000	-2796.200000	1498.254883	2057.302246
545.620000	-2796.200000	1497.221680	1981.848999
545.620000	-2796.200000	1496.188477	2097.554688
545.620000	-2796.200000	1495.155273	2082.594971
545.620000	-2796.200000	1494.121094	2012.020752
545.620000	-2796.200000	1493.086914	2151.823486
545.620000	-2796.200000	1492.052734	2107.854248
545.620000	-2796.200000	1491.018555	2066.320313
545.620000	-2796.200000	1489.983398	2169.778076
545.620000	-2796.200000	1488.949219	2087.181152
545.620000	-2796.200000	1487.914063	2110.888428
545.620000	-2796.200000	1486.877930	2185.293701
545.620000	-2796.200000	1485.842773	2182.413818
545.620000	-2796.200000	1484.806641	2184.362061
545.620000	-2796.200000	1483.771484	2212.854004
545.620000	-2796.200000	1482.734375	2176.192627
545.620000	-2796.200000	1481.698242	2289.097900
545.620000	-2796.200000	1480.662109	2254.847412
545.620000	-2796.200000	1479.625000	2302.588135
545.620000	-2796.200000	1478.587891	2386.466797
545.620000	-2796.200000	1477.550781	2275.094971
545.620000	-2796.200000	1476.512695	2334.848145
545.620000	-2796.200000	1475.475586	2406.620605
545.620000	-2796.200000	1474.437500	2449.460205
545.620000	-2796.200000	1473.399414	2499.505371
545.620000	-2796.200000	1472.360352	2527.861572
545.620000	-2796.200000	1471.322266	2558.612549
545.620000	-2796.200000	1470.283203	2577.317871
545.620000	-2796.200000	1469.244141	2555.113770
545.620000	-2796.200000	1468.205078	2677.245117
545.620000	-2796.200000	1467.165039	2736.796143
545.620000	-2796.200000	1466.125000	2781.895020
545.620000	-2796.200000	1465.084961	2851.013428
545.620000	-2796.200000	1464.044922	2821.563477
545.620000	-2796.200000	1463.004883	2835.377686
545.620000	-2796.200000	1461.963867	2978.912354
545.620000	-2796.200000	1460.922852	3035.919678
545.620000	-2796.200000	1459.881836	3025.665283
545.620000	-2796.200000	1458.840820	3178.669922
545.620000	-2796.200000	1457.798828	3009.969482
545.620000	-2796.200000	1456.757813	3062.120850
545.620000	-2796.200000	1455.715820	3186.227539
545.620000	-2796.200000	1454.672852	3132.773193
545.620000	-2796.200000	1453.630859	3172.873047
545.620000	-2796.200000	1452.587891	3165.000732
545.620000	-2796.200000	1451.544922	3123.570557
545.620000	-2796.200000	1450.501953	3242.736816
545.620000	-2796.200000	1449.458984	3263.608154
545.620000	-2796.200000	1448.415039	3253.326660
545.620000	-2796.200000	1447.372070	3223.887939
545.620000	-2796.200000	1446.327148	3158.541748
545.620000	-2796.200000	1445.283203	3148.288574
545.620000	-2796.200000	1444.239258	3109.316162
545.620000	-2796.200000	1443.194336	3079.932373
545.620000	-2796.200000	1442.149414	3067.309326
545.620000	-2796.200000	1441.104492	2990.104980
545.620000	-2796.200000	1440.058594	2903.367432
545.620000	-2796.200000	1439.013672	3017.515625
545.620000	-2796.200000	1437.967773	2959.495361
545.620000	-2796.200000	1436.921875	2877.599365
545.620000	-2796.200000	1435.875000	2857.865967
545.620000	-2796.200000	1434.829102	2773.637451
545.620000	-2796.200000	1433.782227	2679.891113
545.620000	-2796.200000	1432.735352	2781.999023
545.620000	-2796.200000	1431.688477	2788.564209
545.620000	-2796.200000	1430.640625	2728.291504
545.620000	-2796.200000	1429.592773	2699.068359
545.620000	-2796.200000	1428.544922	2703.260498
545.620000	-2796.200000	1427.497070	2733.690430
545.620000	-2796.200000	1426.449219	2780.801270
545.620000	-2796.200000	1425.400391	2742.053467
545.620000	-2796.200000	1424.351563	2758.151123
545.620000	-2796.200000	1423.302734	2662.223633
545.620000	-2796.200000	1422.253906	2759.348389
545.620000	-2796.200000	1421.204102	2711.108154
545.620000	-2796.200000	1420.155273	2693.852295
545.620000	-2796.200000	1419.104492	2690.891602
545.620000	-2796.200000	1418.054688	2642.696533
545.620000	-2796.200000	1417.004883	2746.860840
545.620000	-2796.200000	1415.954102	2696.294189
545.620000	-2796.200000	1414.903320	2664.783447
545.620000	-2796.200000	1413.852539	2654.694580
545.620000	-2796.200000	1412.800781	2685.040283
545.620000	-2796.200000	1411.750000	2739.149902
545.620000	-2796.200000	1410.698242	2717.164795
545.620000	-2796.200000	1409.646484	2733.216309
545.620000	-2796.200000	1408.593750	2799.160889
545.620000	-2796.200000	1407.541992	2715.408691
545.620000	-2796.200000	1406.489258	2809.830322
545.620000	-2796.200000	1405.436523	2818.723145
545.620000	-2796.200000	1404.383789	2822.863770
545.620000	-2796.200000	1403.330078	2933.815918
545.620000	-2796.200000	1402.276367	2930.809814
545.620000	-2796.200000	1401.222656	2802.056396
545.620000	-2796.200000	1400.168945	2865.498291
545.620000	-2796.200000	1399.115234	2826.934570
545.620000	-2796.200000	1398.060547	2762.305176
545.620000	-2796.200000	1397.005859	2856.531250
545.620000	-2796.200000	1395.951172	2763.482178
545.620000	-2796.200000	1394.896484	2741.559570
545.620000	-2796.200000	1393.840820	2698.324707
545.620000	-2796.200000	1392.785156	2671.687744
545.620000	-2796.200000	1391.729492	2772.934570
545.620000	-2796.200000	1390.673828	2748.660156
545.620000	-2796.200000	1389.617188	2665.221436
545.620000	-2796.200000	1388.561523	2669.378174
545.620000	-2796.200000	1387.503906	2640.409180
545.620000	-2796.200000	1386.447266	2724.993896
545.620000	-2796.200000	1385.390625	2573.048584
545.620000	-2796.200000	1384.333008	2667.068604
545.620000	-2796.200000	1383.275391	2562.479004
545.620000	-2796.200000	1382.217773	2651.733398
545.620000	-2796.200000	1381.159180	2691.328125
545.620000	-2796.200000	1380.101563	2652.947266
545.620000	-2796.200000	1379.042969	2706.695313
545.620000	-2796.200000	1377.984375	2670.688477
545.620000	-2796.200000	1376.924805	2634.696777
545.620000	-2796.200000	1375.866211	2584.558838
545.620000	-2796.200000	1374.806641	2600.517090
545.620000	-2796.200000	1373.747070	2479.628418
545.620000	-2796.200000	1372.687500	2528.625244
545.620000	-2796.200000	1371.626953	2587.033447
545.620000	-2796.200000	1370.566406	2501.592285
545.620000	-2796.200000	1369.505859	2442.117920
545.620000	-2796.200000	1368.445313	2458.084961
545.620000	-2796.200000	1367.384766	2516.456787
545.620000	-2796.200000	1366.323242	2457.017090
545.620000	-2796.200000	1365.261719	2449.417725
545.620000	-2796.200000	1364.200195	2430.047852
545.620000	-2796.200000	1363.137695	2495.436768
545.620000	-2796.200000	1362.076172	2403.100830
545.620000	-2796.200000	1361.013672	2381.399902
545.620000	-2796.200000	1359.951172	2376.176514
545.620000	-2796.200000	1358.887695	2439.167236
545.620000	-2796.200000	1357.825195	2549.162842
545.620000	-2796.200000	1356.761719	2435.754639
545.620000	-2796.200000	1355.698242	2439.925537
545.620000	-2796.200000	1354.633789	2427.643799
545.620000	-2796.200000	1353.570313	2455.309814
545.620000	-2796.200000	1352.505859	2471.218506
545.620000	-2796.200000	1351.441406	2475.376953
545.620000	-2796.200000	1350.376953	2472.489258
545.620000	-2796.200000	1349.311523	2547.071289
545.620000	-2796.200000	1348.247070	2539.474854
545.620000	-2796.200000	1347.181641	2609.316162
545.620000	-2796.200000	1346.115234	2594.670898
545.620000	-2796.200000	1345.049805	2671.505615
545.620000	-2796.200000	1343.983398	2546.638916
545.620000	-2796.200000	1342.916992	2494.504883
545.620000	-2796.200000	1341.850586	2538.495117
545.620000	-2796.200000	1340.784180	2598.869873
545.620000	-2796.200000	1339.716797	2570.186768
545.620000	-2796.200000	1338.649414	2536.831299
545.620000	-2796.200000	1337.582031	2587.798584
545.620000	-2796.200000	1336.514648	2552.112061
545.620000	-2796.200000	1335.446289	2567.939941
545.620000	-2796.200000	1334.377930	2483.125000
545.620000	-2796.200000	1333.309570	2566.816406
545.620000	-2796.200000	1332.241211	2512.449707
545.620000	-2796.200000	1331.171875	2626.502197
545.620000	-2796.200000	1330.102539	2600.205566
545.620000	-2796.200000	1329.033203	2669.770020
545.620000	-2796.200000	1327.963867	2617.764893
545.620000	-2796.200000	1326.893555	2666.263428
545.620000	-2796.200000	1325.824219	2668.015137
545.620000	-2796.200000	1324.753906	2623.050781
545.620000	-2796.200000	1323.682617	2666.845215
545.620000	-2796.200000	1322.612305	2617.230713
545.620000	-2796.200000	1321.541016	2656.338135
545.620000	-2796.200000	1320.469727	2585.744141
545.620000	-2796.200000	1319.398438	2622.507324
545.620000	-2796.200000	1318.327148	2547.285645
545.620000	-2796.200000	1317.254883	2665.666748
545.620000	-2796.200000	1316.182617	2702.387451
545.620000	-2796.200000	1315.110352	2592.229736
545.620000	-2796.200000	1314.037109	2666.239990
545.620000	-2796.200000	1312.964844	2563.128662
545.620000	-2796.200000	1311.891602	2602.168213
545.620000	-2796.200000	1310.818359	2515.419189
545.620000	-2796.200000	1309.744141	2703.480469
545.620000	-2796.200000	1308.670898	2709.869629
545.620000	-2796.200000	1307.596680	2644.101318
545.620000	-2796.200000	1306.522461	2678.424561
545.620000	-2796.200000	1305.447266	2656.895752
545.620000	-2796.200000	1304.373047	2630.724121
545.620000	-2796.200000	1303.297852	2699.909180
545.620000	-2796.200000	1302.222656	2738.838867
545.620000	-2796.200000	1301.147461	2756.830566
545.620000	-2796.200000	1300.071289	2681.855469
545.620000	-2796.200000	1298.995117	2653.382080
545.620000	-2796.200000	1297.918945	2662.088135
545.620000	-2796.200000	1296.842773	2749.752686
545.620000	-2796.200000	1295.765625	2749.145264
545.620000	-2796.200000	1294.689453	2655.681885
545.620000	-2796.200000	1293.611328	2805.952637
545.620000	-2796.200000	1292.534180	2747.322998
545.620000	-2796.200000	1291.457031	2797.752441
545.620000	-2796.200000	1290.378906	2813.369141
545.620000	-2796.200000	1289.300781	2747.819336
545.620000	-2796.200000	1288.222656	2890.947266
545.620000	-2796.200000	1287.143555	2839.315430
545.620000	-2796.200000	1286.064453	2790.023438
545.620000	-2796.200000	1284.985352	2875.126465
545.620000	-2796.200000	1283.906250	2893.019531
545.620000	-2796.200000	1282.827148	2878.483887
545.620000	-2796.200000	1281.747070	2931.096191
545.620000	-2796.200000	1280.666992	2976.740723
545.620000	-2796.200000	1279.586914	3020.050537
545.620000	-2796.200000	1278.505859	2973.106445
545.620000	-2796.200000	1277.425781	2937.748779
545.620000	-2796.200000	1276.344727	2971.786621
545.620000	-2796.200000	1275.263672	3005.809082
545.620000	-2796.200000	1274.181641	2979.713135
545.620000	-2796.200000	1273.099609	2951.317383
545.620000	-2796.200000	1272.018555	3063.881836
545.620000	-2796.200000	1270.935547	3065.510498
545.620000	-2796.200000	1269.853516	3000.160156
545.620000	-2796.200000	1268.770508	3015.656250
545.620000	-2796.200000	1267.687500	3075.007813
545.620000	-2796.200000	1266.604492	3016.621826
545.620000	-2796.200000	1265.521484	3055.178223
545.620000	-2796.200000	1264.437500	3059.111816
545.620000	-2796.200000	1263.353516	3088.414795
545.620000	-2796.200000	1262.269531	3034.688477
545.620000	-2796.200000	1261.185547	3073.205078
545.620000	-2796.200000	1260.100586	3012.590332
545.620000	-2796.200000	1259.015625	3058.007324
545.620000	-2796.200000	1257.930664	3078.060303
545.620000	-2796.200000	1256.845703	2904.616455
545.620000	-2796.200000	1255.759766	3097.412109
545.620000	-2796.200000	1254.673828	3029.950928
545.620000	-2796.200000	1253.587891	3105.235840
545.620000	-2796.200000	1252.501953	3088.432129
545.620000	-2796.200000	1251.415039	3023.317871
545.620000	-2796.200000	1250.328125	3105.453613
545.620000	-2796.200000	1249.241211	3182.952881
545.620000	-2796.200000	1248.154297	3143.152344
545.620000	-2796.200000	1247.066406	3225.205078
545.620000	-2796.200000	1245.978516	3217.587891
545.620000	-2796.200000	1244.890625	3265.120117
545.620000	-2796.200000	1243.802734	3149.526123
545.620000	-2796.200000	1242.713867	3151.116943
545.620000	-2796.200000	1241.625000	3210.111816
545.620000	-2796.200000	1240.536133	3259.897217
545.620000	-2796.200000	1239.447266	3199.490967
545.620000	-2796.200000	1238.357422	3180.415527
545.620000	-2796.200000	1237.267578	3152.171387
545.620000	-2796.200000	1236.177734	3188.161621
545.620000	-2796.200000	1235.087891	3132.410400
545.620000	-2796.200000	1233.997070	3072.098389
545.620000	-2796.200000	1232.906250	3119.541748
545.620000	-2796.200000	1231.815430	3123.423340
545.620000	-2796.200000	1230.724609	3065.444092
545.620000	-2796.200000	1229.632813	2904.415771
545.620000	-2796.200000	1228.541016	2903.761963
545.620000	-2796.200000	1227.449219	2896.239502
545.620000	-2796.200000	1226.356445	2794.871094
545.620000	-2796.200000	1225.264648	2794.241211
545.620000	-2796.200000	1224.171875	2882.842041
545.620000	-2796.200000	1223.079102	2779.256592
545.620000	-2796.200000	1221.985352	2838.090088
545.620000	-2796.200000	1220.892578	2743.706299
545.620000	-2796.200000	1219.798828	2708.798340
545.620000	-2796.200000	1218.705078	2701.330566
545.620000	-2796.200000	1217.610352	2778.406006
545.620000	-2796.200000	1216.516602	2764.072266
545.620000	-2796.200000	1215.421875	2736.041260
545.620000	-2796.200000	1214.326172	2771.955811
545.620000	-2796.200000	1213.231445	2659.471191
545.620000	-2796.200000	1212.135742	2743.314209
545.620000	-2796.200000	1211.040039	2870.472656
545.620000	-2796.200000	1209.944336	2805.947510
545.620000	-2796.200000	1208.848633	2830.400146
545.620000	-2796.200000	1207.751953	2775.033447
545.620000	-2796.200000	1206.655273	2701.453857
545.620000	-2796.200000	1205.558594	2707.678711
545.620000	-2796.200000	1204.461914	2754.916748
545.620000	-2796.200000	1203.364258	2845.417969
545.620000	-2796.200000	1202.266602	2842.494629
545.620000	-2796.200000	1201.168945	2828.186279
545.620000	-2796.200000	1200.070313	2775.182129
545.620000	-2796.200000	1198.971680	2713.097168
545.620000	-2796.200000	1197.873047	2808.054443
545.620000	-2796.200000	1196.774414	2771.015137
545.620000	-2796.200000	1195.675781	2733.992188
545.620000	-2796.200000	1194.576172	2853.893066
545.620000	-2796.200000	1193.476563	2773.670898
545.620000	-2796.200000	1192.376953	2738.944580
545.620000	-2796.200000	1191.276367	2751.955566
545.620000	-2796.200000	1190.175781	2776.319824
545.620000	-2796.200000	1189.075195	2825.658447
545.620000	-2796.200000	1187.974609	2743.261230
545.620000	-2796.200000	1186.873047	2801.665771
545.620000	-2796.200000	1185.772461	2789.677002
545.620000	-2796.200000	1184.669922	2854.851563
545.620000	-2796.200000	1183.568359	2842.855225
545.620000	-2796.200000	1182.466797	2785.497803
545.620000	-2796.200000	1181.364258	3000.302490
545.620000	-2796.200000	1180.261719	2949.736328
545.620000	-2796.200000	1179.158203	2847.057373
545.620000	-2796.200000	1178.055664	2830.542236
545.620000	-2796.200000	1176.952148	2829.894531
545.620000	-2796.200000	1175.848633	2802.063965
545.620000	-2796.200000	1174.744141	2903.333252
545.620000	-2796.200000	1173.640625	2929.838135
545.620000	-2796.200000	1172.536133	2913.321045
545.620000	-2796.200000	1171.430664	2826.654053
545.620000	-2796.200000	1170.326172	2891.621338
545.620000	-2796.200000	1169.220703	2859.288574
545.620000	-2796.200000	1168.115234	2906.125244
545.620000	-2796.200000	1167.009766	2799.188232
545.620000	-2796.200000	1165.904297	2929.656494
545.620000	-2796.200000	1164.797852	2820.502441
545.620000	-2796.200000	1163.691406	2831.151367
545.620000	-2796.200000	1162.584961	2886.974854
545.620000	-2796.200000	1161.477539	2931.479736
545.620000	-2796.200000	1160.370117	2957.900391
545.620000	-2796.200000	1159.262695	3018.169678
545.620000	-2796.200000	1158.155273	3024.245117
545.620000	-2796.200000	1157.047852	2874.627197
545.620000	-2796.200000	1155.939453	2898.779053
545.620000	-2796.200000	1154.831055	2952.238770
545.620000	-2796.200000	1153.721680	2795.975342
545.620000	-2796.200000	1152.613281	2903.536377
545.620000	-2796.200000	1151.503906	2875.820801
545.620000	-2796.200000	1150.394531	2850.370605
545.620000	-2796.200000	1149.284180	2728.064453
545.620000	-2796.200000	1148.174805	2799.504883
545.620000	-2796.200000	1147.064453	2819.122803
545.620000	-2796.200000	1145.953125	2840.982422
545.620000	-2796.200000	1144.842773	2831.322510
545.620000	-2796.200000	1143.731445	2794.664795
545.620000	-2796.200000	1142.620117	2812.014648
545.620000	-2796.200000	1141.508789	2865.341309
545.620000	-2796.200000	1140.397461	2842.191650
545.620000	-2796.200000	1139.285156	2848.276855
545.620000	-2796.200000	1138.172852	2804.913086
545.620000	-2796.200000	1137.060547	2786.286377
545.620000	-2796.200000	1135.947266	2772.160645
545.620000	-2796.200000	1134.833984	2908.520508
545.620000	-2796.200000	1133.720703	2809.045410
545.620000	-2796.200000	1132.607422	2824.107178
545.620000	-2796.200000	1131.493164	2818.961670
545.620000	-2796.200000	1130.378906	2858.695801
545.620000	-2796.200000	1129.264648	2851.300781
545.620000	-2796.200000	1128.150391	2985.206787
545.620000	-2796.200000	1127.035156	2973.300049
545.620000	-2796.200000	1125.919922	2974.849365
545.620000	-2796.200000	1124.804688	3032.428711
545.620000	-2796.200000	1123.688477	2968.981201
545.620000	-2796.200000	1122.573242	3010.852783
545.620000	-2796.200000	1121.457031	3059.423584
545.620000	-2796.200000	1120.339844	2946.750732
545.620000	-2796.200000	1119.223633	2986.358398
545.620000	-2796.200000	1118.106445	3021.470703
545.620000	-2796.200000	1116.989258	3056.566406
545.620000	-2796.200000	1115.871094	2970.842529
545.620000	-2796.200000	1114.753906	2936.599365
545.620000	-2796.200000	1113.635742	3034.297852
545.620000	-2796.200000	1112.517578	3085.004150
545.620000	-2796.200000	1111.398438	2979.237305
545.620000	-2796.200000	1110.280273	3041.104492
545.620000	-2796.200000	1109.161133	3022.520020
545.620000	-2796.200000	1108.041992	3140.182373
545.620000	-2796.200000	1106.921875	3175.172119
545.620000	-2796.200000	1105.801758	3198.983154
545.620000	-2796.200000	1104.681641	3169.218262
545.620000	-2796.200000	1103.561523	3226.488281
545.620000	-2796.200000	1102.440430	3321.654297
545.620000	-2796.200000	1101.320313	3262.886475
545.620000	-2796.200000	1100.198242	3192.997070
545.620000	-2796.200000	1099.077148	3339.374512
545.620000	-2796.200000	1097.955078	3253.898193
545.620000	-2796.200000	1096.833008	3262.044922
545.620000	-2796.200000	1095.710938	3365.975830
545.620000	-2796.200000	1094.588867	3458.721924
545.620000	-2796.200000	1093.465820	3357.709717
545.620000	-2796.200000	1092.342773	3434.830322
545.620000	-2796.200000	1091.219727	3462.952148
545.620000	-2796.200000	1090.095703	3495.510010
545.620000	-2796.200000	1088.971680	3445.745850
545.620000	-2796.200000	1087.847656	3518.322754
545.620000	-2796.200000	1086.723633	3539.725830
545.620000	-2796.200000	1085.598633	3643.366211
545.620000	-2796.200000	1084.473633	3780.292725
545.620000	-2796.200000	1083.348633	3821.613770
545.620000	-2796.200000	1082.223633	3854.029297
545.620000	-2796.200000	1081.097656	3995.248779
545.620000	-2796.200000	1079.971680	4049.809326
545.620000	-2796.200000	1078.845703	4102.123535
545.620000	-2796.200000	1077.718750	4214.332031
545.620000	-2796.200000	1076.591797	4286.549805
545.620000	-2796.200000	1075.464844	4316.586914
545.620000	-2796.200000	1074.337891	4395.397949
545.620000	-2796.200000	1073.209961	4394.353516
545.620000	-2796.200000	1072.082031	4435.424805
545.620000	-2796.200000	1070.954102	4472.043457
545.620000	-2796.200000	1069.826172	4515.291016
545.620000	-2796.200000	1068.697266	4436.690918
545.620000	-2796.200000	1067.568359	4400.202637
545.620000	-2796.200000	1066.439453	4441.220215
545.620000	-2796.200000	1065.309570	4431.308105
545.620000	-2796.200000	1064.179688	4310.754883
545.620000	-2796.200000	1063.049805	4119.461426
545.620000	-2796.200000	1061.919922	4060.970459
545.620000	-2796.200000	1060.789063	4004.718018
545.620000	-2796.200000	1059.658203	4023.658936
545.620000	-2796.200000	1058.527344	3925.445801
545.620000	-2796.200000	1057.395508	3900.200439
545.620000	-2796.200000	1056.264648	3791.016357
545.620000	-2796.200000	1055.131836	3874.039551
545.620000	-2796.200000	1054.000000	3689.835449
545.620000	-2796.200000	1052.868164	3739.727539
545.620000	-2796.200000	1051.735352	3716.760742
545.620000	-2796.200000	1050.601563	3751.175293
545.620000	-2796.200000	1049.468750	3858.372314
545.620000	-2796.200000	1048.334961	3744.965576
545.620000	-2796.200000	1047.201172	3885.186279
545.620000	-2796.200000	1046.067383	3886.458008
545.620000	-2796.200000	1044.932617	3848.057861
545.620000	-2796.200000	1043.798828	3913.235352
545.620000	-2796.200000	1042.663086	3901.280518
545.620000	-2796.200000	1041.528320	3924.568115
545.620000	-2796.200000	1040.392578	4033.714355
545.620000	-2796.200000	1039.256836	3951.296143
545.620000	-2796.200000	1038.121094	3987.757568
545.620000	-2796.200000	1036.985352	4039.602051
545.620000	-2796.200000	1035.848633	4049.626953
545.620000	-2796.200000	1034.711914	4099.231445
545.620000	-2796.200000	1033.574219	3979.516602
545.620000	-2796.200000	1032.437500	4128.026855
545.620000	-2796.200000	1031.299805	4155.598633
545.620000	-2796.200000	1030.162109	4035.954834
545.620000	-2796.200000	1029.023438	4028.389893
545.620000	-2796.200000	1027.884766	3943.968994
545.620000	-2796.200000	1026.746094	4019.855469
545.620000	-2796.200000	1025.607422	4106.679199
545.620000	-2796.200000	1024.467773	4063.991943
545.620000	-2796.200000	1023.329102	4010.355225
545.620000	-2796.200000	1022.188477	3934.810547
545.620000	-2796.200000	1021.048828	3944.820801
545.620000	-2796.200000	1019.908203	3856.173828
545.620000	-2796.200000	1018.767578	3864.005127
545.620000	-2796.200000	1017.626953	3799.522461
545.620000	-2796.200000	1016.485352	3761.358643
545.620000	-2796.200000	1015.343750	3815.197754
545.620000	-2796.200000	1014.202148	3853.683105
545.620000	-2796.200000	1013.060547	3649.163330
545.620000	-2796.200000	1011.917969	3727.062256
545.620000	-2796.200000	1010.775391	3863.998779
545.620000	-2796.200000	1009.632813	3777.746826
545.620000	-2796.200000	1008.489258	3848.994873
545.620000	-2796.200000	1007.345703	3948.630859
545.620000	-2796.200000	1006.202148	4070.076416
545.620000	-2796.200000	1005.058594	4444.959961
545.620000	-2796.200000	1003.914063	4819.659668
545.620000	-2796.200000	1002.769531	5117.726563
545.620000	-2796.200000	1001.624023	5275.888672
545.620000	-2796.200000	1000.479492	4929.654297
545.620000	-2796.200000	999.333984	4581.405762
545.620000	-2796.200000	998.188477	4250.783691
545.620000	-2796.200000	997.041992	4107.939453
545.620000	-2796.200000	995.896484	4000.061523
545.620000	-2796.200000	994.750000	3907.499512
545.620000	-2796.200000	993.602539	3906.541748
545.620000	-2796.200000	992.456055	3955.711182
545.620000	-2796.200000	991.308594	3917.698975
545.620000	-2796.200000	990.161133	3923.272461
545.620000	-2796.200000	989.012695	3928.842773
545.620000	-2796.200000	987.864258	3960.537109
545.620000	-2796.200000	986.715820	4005.275879
545.620000	-2796.200000	985.567383	3991.233398
545.620000	-2796.200000	984.417969	3983.724365
545.620000	-2796.200000	983.268555	4067.575684
545.620000	-2796.200000	982.119141	4042.652832
545.620000	-2796.200000	980.969727	4111.228027
545.620000	-2796.200000	979.819336	4168.900879
545.620000	-2796.200000	978.668945	4380.829590
545.620000	-2796.200000	977.517578	4412.336426
545.620000	-2796.200000	976.367188	4737.041016
545.620000	-2796.200000	975.215820	4959.527344
545.620000	-2796.200000	974.064453	5181.903320
545.620000	-2796.200000	972.912109	5668.950684
545.620000	-2796.200000	971.759766	5975.661621
545.620000	-2796.200000	970.607422	6455.762207
545.620000	-2796.200000	969.455078	7076.591797
545.620000	-2796.200000	968.301758	7900.923828
545.620000	-2796.200000	967.148438	8594.786133
545.620000	-2796.200000	965.995117	9849.587891
545.620000	-2796.200000	964.840820	10683.448242
545.620000	-2796.200000	963.686523	11484.402344
545.620000	-2796.200000	962.532227	12456.032227
545.620000	-2796.200000	961.377930	13108.925781
545.620000	-2796.200000	960.222656	13709.545898
545.620000	-2796.200000	959.067383	13690.990234
545.620000	-2796.200000	957.912109	13531.823242
545.620000	-2796.200000	956.755859	12784.444336
545.620000	-2796.200000	955.599609	12085.005859
545.620000	-2796.200000	954.443359	11535.073242
545.620000	-2796.200000	953.286133	10492.658203
545.620000	-2796.200000	952.128906	9885.054688
545.620000	-2796.200000	950.971680	9035.818359
545.620000	-2796.200000	949.814453	8621.082031
545.620000	-2796.200000	948.656250	8051.099121
545.620000	-2796.200000	947.498047	7658.396973
545.620000	-2796.200000	946.339844	7181.729004
545.620000	-2796.200000	945.180664	6720.400391
545.620000	-2796.200000	944.021484	6336.948730
545.620000	-2796.200000	942.862305	5973.095703
545.620000	-2796.200000	941.703125	5837.939453
545.620000	-2796.200000	940.542969	5586.464844
545.620000	-2796.200000	939.382813	5292.020996
545.620000	-2796.200000	938.221680	5148.517090
545.620000	-2796.200000	937.061523	5071.847656
545.620000	-2796.200000	935.900391	4698.086426
545.620000	-2796.200000	934.739258	4656.007324
545.620000	-2796.200000	933.577148	4588.124512
545.620000	-2796.200000	932.415039	4429.912598
545.620000	-2796.200000	931.252930	4299.741211
545.620000	-2796.200000	930.089844	4178.236816
545.620000	-2796.200000	928.927734	4155.686035
545.620000	-2796.200000	927.764648	4133.145996
545.620000	-2796.200000	926.600586	4039.706543
545.620000	-2796.200000	925.437500	4030.094971
545.620000	-2796.200000	924.273438	4054.850586
545.620000	-2796.200000	923.108398	3942.175293
545.620000	-2796.200000	921.944336	4044.217041
545.620000	-2796.200000	920.779297	3935.891846
545.620000	-2796.200000	919.614258	3930.605713
545.620000	-2796.200000	918.448242	3903.871826
545.620000	-2796.200000	917.282227	3939.339600
545.620000	-2796.200000	916.116211	3837.579102
545.620000	-2796.200000	914.950195	3735.869385
545.620000	-2796.200000	913.783203	3822.778076
545.620000	-2796.200000	912.616211	3716.837646
545.620000	-2796.200000	911.449219	3837.973145
545.620000	-2796.200000	910.281250	3637.869141
545.620000	-2796.200000	909.113281	3681.898926
545.620000	-2796.200000	907.945313	3640.301758
545.620000	-2796.200000	906.777344	3697.144531
545.620000	-2796.200000	905.608398	3647.007080
545.620000	-2796.200000	904.439453	3575.510010
545.620000	-2796.200000	903.269531	3625.909912
545.620000	-2796.200000	902.100586	3639.948242
545.620000	-2796.200000	900.930664	3715.946533
545.620000	-2796.200000	899.759766	3574.004395
545.620000	-2796.200000	898.589844	3556.007080
545.620000	-2796.200000	897.418945	3544.423584
545.620000	-2796.200000	896.247070	3590.480957
545.620000	-2796.200000	895.076172	3570.356934
545.620000	-2796.200000	893.904297	3648.385986
545.620000	-2796.200000	892.732422	3653.852295
545.620000	-2796.200000	891.559570	3640.122559
545.620000	-2796.200000	890.386719	3551.782227
545.620000	-2796.200000	889.213867	3689.412109
545.620000	-2796.200000	888.041016	3665.027588
545.620000	-2796.200000	886.867188	3627.873291
545.620000	-2796.200000	885.693359	3678.056641
545.620000	-2796.200000	884.519531	3619.624756
545.620000	-2796.200000	883.344727	3622.952637
545.620000	-2796.200000	882.169922	3624.150146
545.620000	-2796.200000	880.995117	3648.749512
545.620000	-2796.200000	879.819336	3866.892578
545.620000	-2796.200000	878.644531	3761.701416
545.620000	-2796.200000	877.467773	3881.910156
545.620000	-2796.200000	876.291992	3791.645264
545.620000	-2796.200000	875.115234	3714.175049
545.620000	-2796.200000	873.938477	3785.442871
545.620000	-2796.200000	872.760742	3795.085205
545.620000	-2796.200000	871.583984	3785.613037
545.620000	-2796.200000	870.406250	3780.390625
545.620000	-2796.200000	869.227539	3790.024414
545.620000	-2796.200000	868.049805	3812.381836
545.620000	-2796.200000	866.871094	3726.556885
545.620000	-2796.200000	865.691406	3797.687500
545.620000	-2796.200000	864.512695	3817.903320
545.620000	-2796.200000	863.333008	3749.096191
545.620000	-2796.200000	862.153320	3881.607910
545.620000	-2796.200000	860.972656	3827.645996
545.620000	-2796.200000	859.791992	3843.594727
545.620000	-2796.200000	858.611328	3874.354248
545.620000	-2796.200000	857.429688	3947.428955
545.620000	-2796.200000	856.249023	4031.044922
545.620000	-2796.200000	855.067383	3862.874023
545.620000	-2796.200000	853.884766	3904.168213
545.620000	-2796.200000	852.702148	3905.267090
545.620000	-2796.200000	851.519531	4022.625244
545.620000	-2796.200000	850.336914	3991.991699
545.620000	-2796.200000	849.153320	3959.260498
545.620000	-2796.200000	847.969727	3922.321289
545.620000	-2796.200000	846.786133	3929.744629
545.620000	-2796.200000	845.601563	3778.832520
545.620000	-2796.200000	844.416992	3809.503906
545.620000	-2796.200000	843.232422	3823.278564
545.620000	-2796.200000	842.046875	3763.215332
545.620000	-2796.200000	840.861328	3749.577881
545.620000	-2796.200000	839.675781	3830.821533
545.620000	-2796.200000	838.490234	3800.310059
545.620000	-2796.200000	837.303711	3904.675537
545.620000	-2796.200000	836.117188	3853.092285
545.620000	-2796.200000	834.929688	3828.914795
545.620000	-2796.200000	833.742188	3781.588135
545.620000	-2796.200000	832.554688	3847.956055
545.620000	-2796.200000	831.367188	3880.616943
545.620000	-2796.200000	830.178711	3664.999268
545.620000	-2796.200000	828.990234	3748.169678
545.620000	-2796.200000	827.800781	3721.950439
545.620000	-2796.200000	826.612305	3590.632080
545.620000	-2796.200000	825.421875	3635.923828
545.620000	-2796.200000	824.232422	3689.595703
545.620000	-2796.200000	823.041992	3615.102783
545.620000	-2796.200000	821.851563	3616.249756
545.620000	-2796.200000	820.661133	3504.023438
545.620000	-2796.200000	819.469727	3687.803467
545.620000	-2796.200000	818.278320	3726.698486
545.620000	-2796.200000	817.086914	3820.115479
545.620000	-2796.200000	815.894531	3896.703857
545.620000	-2796.200000	814.702148	3941.800781
545.620000	-2796.200000	813.509766	4051.853271
545.620000	-2796.200000	812.316406	4061.258301
545.620000	-2796.200000	811.124023	3976.380859
545.620000	-2796.200000	809.929688	3912.492432
545.620000	-2796.200000	808.736328	3781.631348
545.620000	-2796.200000	807.541992	3671.772705
545.620000	-2796.200000	806.347656	3538.950439
545.620000	-2796.200000	805.152344	3561.025391
545.620000	-2796.200000	803.957031	3495.236084
545.620000	-2796.200000	802.761719	3312.376953
545.620000	-2796.200000	801.565430	3317.767578
545.620000	-2796.200000	800.370117	3400.485840
545.620000	-2796.200000	799.172852	3257.495605
545.620000	-2796.200000	797.976563	3348.540039
545.620000	-2796.200000	796.779297	3220.257080
545.620000	-2796.200000	795.582031	3279.944580
545.620000	-2796.200000	794.383789	3260.283936
545.620000	-2796.200000	793.186523	3357.488037
545.620000	-2796.200000	791.987305	3248.111816
545.620000	-2796.200000	790.789063	3240.986816
545.620000	-2796.200000	789.589844	3244.290283
545.620000	-2796.200000	788.390625	3182.972656
545.620000	-2796.200000	787.190430	3242.553711
545.620000	-2796.200000	785.991211	3243.768311
545.620000	-2796.200000	784.791016	3203.325928
545.620000	-2796.200000	783.589844	3185.809326
545.620000	-2796.200000	782.388672	3299.446289
545.620000	-2796.200000	781.187500	3294.398438
545.620000	-2796.200000	779.986328	3308.077393
545.620000	-2796.200000	778.784180	3228.148682
545.620000	-2796.200000	777.582031	3250.154541
545.620000	-2796.200000	776.378906	3164.046387
545.620000	-2796.200000	775.176758	3283.736816
545.620000	-2796.200000	773.973633	3311.941162
545.620000	-2796.200000	772.769531	3248.732910
545.620000	-2796.200000	771.565430	3156.485107
545.620000	-2796.200000	770.361328	3309.263428
545.620000	-2796.200000	769.157227	3239.878174
545.620000	-2796.200000	767.952148	3191.279541
545.620000	-2796.200000	766.747070	3277.541748
545.620000	-2796.200000	765.541992	3237.253174
545.620000	-2796.200000	764.335938	3313.088623
545.620000	-2796.200000	763.129883	3218.920166
545.620000	-2796.200000	761.922852	3174.533447
545.620000	-2796.200000	760.716797	3258.608643
545.620000	-2796.200000	759.508789	3305.359131
545.620000	-2796.200000	758.301758	3169.882568
545.620000	-2796.200000	757.093750	3218.700195
545.620000	-2796.200000	755.885742	3255.074707
545.620000	-2796.200000	754.677734	3219.021240
545.620000	-2796.200000	753.468750	3199.532471
545.620000	-2796.200000	752.259766	3250.354004
545.620000	-2796.200000	751.049805	3137.846680
545.620000	-2796.200000	749.840820	3192.788818
545.620000	-2796.200000	748.629883	3231.172852
545.620000	-2796.200000	747.419922	3244.750244
545.620000	-2796.200000	746.208984	3144.753174
545.620000	-2796.200000	744.998047	3214.080811
545.620000	-2796.200000	743.786133	3163.674316
545.620000	-2796.200000	742.575195	3164.873779
545.620000	-2796.200000	741.363281	3209.385986
545.620000	-2796.200000	740.150391	3121.903564
545.620000	-2796.200000	738.937500	3141.664307
545.620000	-2796.200000	737.724609	3184.083252
545.620000	-2796.200000	736.510742	3164.668457
545.620000	-2796.200000	735.297852	3178.219971
545.620000	-2796.200000	734.083008	3247.361816
545.620000	-2796.200000	732.869141	3085.897461
545.620000	-2796.200000	731.654297	3144.734863
545.620000	-2796.200000	730.439453	3205.596680
545.620000	-2796.200000	729.223633	3173.861816
545.620000	-2796.200000	728.007813	3144.200439
545.620000	-2796.200000	726.791992	3198.842529
545.620000	-2796.200000	725.575195	3113.697510
545.620000	-2796.200000	724.359375	3180.644775
625.167763	-2735.601704	1819.744141	1345.402832
625.167763	-2735.601704	1818.779297	1392.064209
625.167763	-2735.601704	1817.815430	1368.434082
625.167763	-2735.601704	1816.850586	1337.040894
625.167763	-2735.601704	1815.884766	1396.332275
625.167763	-2735.601704	1814.919922	1339.046387
625.167763	-2735.601704	1813.954102	1416.437744
625.167763	-2735.601704	1812.989258	1410.950562
625.167763	-2735.601704	1812.023438	1423.583984
625.167763	-2735.601704	1811.056641	1410.334351
625.167763	-2735.601704	1810.090820	1433.311279
625.167763	-2735.601704	1809.124023	1381.265747
625.167763	-2735.601704	1808.157227	1378.378296
625.167763	-2735.601704	1807.190430	1403.932739
625.167763	-2735.601704	1806.223633	1403.626587
625.167763	-2735.601704	1805.255859	1341.295288
625.167763	-2735.601704	1804.288086	1369.424927
625.167763	-2735.601704	1803.320313	1428.541504
625.167763	-2735.601704	1802.352539	1343.001343
625.167763	-2735.601704	1801.384766	1407.262085
625.167763	-2735.601704	1800.416016	1456.005493
625.167763	-2735.601704	1799.447266	1331.800171
625.167763	-2735.601704	1798.478516	1380.538818
625.167763	-2735.601704	1797.509766	1400.877441
625.167763	-2735.601704	1796.540039	1356.724243
625.167763	-2735.601704	1795.571289	1418.319458
625.167763	-2735.601704	1794.601563	1438.636597
625.167763	-2735.601704	1793.631836	1384.193359
625.167763	-2735.601704	1792.661133	1391.623779
625.167763	-2735.601704	1791.691406	1378.438843
625.167763	-2735.601704	1790.720703	1424.506714
625.167763	-2735.601704	1789.750000	1398.443237
625.167763	-2735.601704	1788.779297	1454.786133
625.167763	-2735.601704	1787.807617	1428.727539
625.167763	-2735.601704	1786.835938	1361.500610
625.167763	-2735.601704	1785.865234	1448.692871
625.167763	-2735.601704	1784.892578	1497.258057
625.167763	-2735.601704	1783.920898	1417.199829
625.167763	-2735.601704	1782.949219	1437.464478
625.167763	-2735.601704	1781.976563	1480.858765
625.167763	-2735.601704	1781.003906	1531.945313
625.167763	-2735.601704	1780.031250	1482.786743
625.167763	-2735.601704	1779.057617	1451.634277
625.167763	-2735.601704	1778.084961	1446.182495
625.167763	-2735.601704	1777.111328	1502.368652
625.167763	-2735.601704	1776.137695	1407.042358
625.167763	-2735.601704	1775.164063	1437.542236
625.167763	-2735.601704	1774.189453	1401.300293
625.167763	-2735.601704	1773.214844	1444.617920
625.167763	-2735.601704	1772.240234	1511.005127
625.167763	-2735.601704	1771.265625	1541.456177
625.167763	-2735.601704	1770.291016	1474.452026
625.167763	-2735.601704	1769.315430	1589.500244
625.167763	-2735.601704	1768.340820	1563.525024
625.167763	-2735.601704	1767.365234	1465.808350
625.167763	-2735.601704	1766.389648	1501.360352
625.167763	-2735.601704	1765.413086	1454.929077
625.167763	-2735.601704	1764.436523	1518.638428
625.167763	-2735.601704	1763.460938	1474.783936
625.167763	-2735.601704	1762.484375	1466.786011
625.167763	-2735.601704	1761.506836	1553.485107
625.167763	-2735.601704	1760.530273	1530.121216
625.167763	-2735.601704	1759.552734	1499.093018
625.167763	-2735.601704	1758.575195	1483.423828
625.167763	-2735.601704	1757.597656	1480.546875
625.167763	-2735.601704	1756.620117	1608.053833
625.167763	-2735.601704	1755.641602	1571.923584
625.167763	-2735.601704	1754.663086	1533.253418
625.167763	-2735.601704	1753.684570	1545.697388
625.167763	-2735.601704	1752.706055	1524.929688
625.167763	-2735.601704	1751.727539	1568.015381
625.167763	-2735.601704	1750.748047	1470.655273
625.167763	-2735.601704	1749.768555	1574.998047
625.167763	-2735.601704	1748.789063	1551.689941
625.167763	-2735.601704	1747.809570	1559.010620
625.167763	-2735.601704	1746.829102	1522.960693
625.167763	-2735.601704	1745.848633	1578.743408
625.167763	-2735.601704	1744.868164	1598.803223
625.167763	-2735.601704	1743.887695	1623.953125
625.167763	-2735.601704	1742.907227	1590.468994
625.167763	-2735.601704	1741.925781	1641.092651
625.167763	-2735.601704	1740.945313	1668.764893
625.167763	-2735.601704	1739.962891	1645.481567
625.167763	-2735.601704	1738.981445	1655.314453
625.167763	-2735.601704	1738.000000	1632.043945
625.167763	-2735.601704	1737.017578	1708.059570
625.167763	-2735.601704	1736.035156	1717.872681
625.167763	-2735.601704	1735.052734	1725.137085
625.167763	-2735.601704	1734.070313	1790.908203
625.167763	-2735.601704	1733.086914	1711.679565
625.167763	-2735.601704	1732.103516	1762.168457
625.167763	-2735.601704	1731.120117	1764.332520
625.167763	-2735.601704	1730.136719	1809.704834
625.167763	-2735.601704	1729.153320	1875.387085
625.167763	-2735.601704	1728.168945	1925.797363
625.167763	-2735.601704	1727.184570	1846.641724
625.167763	-2735.601704	1726.200195	1846.245728
625.167763	-2735.601704	1725.215820	1911.863770
625.167763	-2735.601704	1724.231445	1946.992188
625.167763	-2735.601704	1723.246094	1974.491821
625.167763	-2735.601704	1722.260742	1958.844482
625.167763	-2735.601704	1721.275391	1943.203857
625.167763	-2735.601704	1720.289063	1960.541382
625.167763	-2735.601704	1719.303711	2008.300293
625.167763	-2735.601704	1718.317383	2015.475708
625.167763	-2735.601704	1717.331055	1969.420532
625.167763	-2735.601704	1716.344727	1908.180298
625.167763	-2735.601704	1715.357422	1872.301880
625.167763	-2735.601704	1714.371094	1932.693604
625.167763	-2735.601704	1713.383789	1950.007324
625.167763	-2735.601704	1712.396484	1934.398438
625.167763	-2735.601704	1711.409180	1944.110107
625.167763	-2735.601704	1710.420898	1956.348389
625.167763	-2735.601704	1709.432617	1933.157104
625.167763	-2735.601704	1708.444336	1940.333008
625.167763	-2735.601704	1707.456055	1922.213501
625.167763	-2735.601704	1706.467773	1853.527832
625.167763	-2735.601704	1705.478516	1860.716064
625.167763	-2735.601704	1704.489258	2009.447144
625.167763	-2735.601704	1703.500000	1991.328125
625.167763	-2735.601704	1702.510742	1965.637329
625.167763	-2735.601704	1701.521484	1942.483398
625.167763	-2735.601704	1700.531250	2088.544434
625.167763	-2735.601704	1699.541016	2012.350952
625.167763	-2735.601704	1698.550781	2024.542969
625.167763	-2735.601704	1697.560547	2087.206299
625.167763	-2735.601704	1696.569336	2104.423584
625.167763	-2735.601704	1695.578125	2063.610352
625.167763	-2735.601704	1694.586914	2088.391846
625.167763	-2735.601704	1693.595703	2171.161377
625.167763	-2735.601704	1692.604492	2173.218994
625.167763	-2735.601704	1691.612305	2175.275879
625.167763	-2735.601704	1690.620117	2147.091064
625.167763	-2735.601704	1689.627930	2199.542969
625.167763	-2735.601704	1688.635742	2168.845947
625.167763	-2735.601704	1687.642578	2213.715332
625.167763	-2735.601704	1686.650391	2253.529541
625.167763	-2735.601704	1685.657227	2205.218994
625.167763	-2735.601704	1684.664063	2310.455811
625.167763	-2735.601704	1683.669922	2262.153564
625.167763	-2735.601704	1682.676758	2294.376221
625.167763	-2735.601704	1681.682617	2324.069824
625.167763	-2735.601704	1680.688477	2268.251221
625.167763	-2735.601704	1679.694336	2340.678467
625.167763	-2735.601704	1678.699219	2360.288574
625.167763	-2735.601704	1677.704102	2334.654785
625.167763	-2735.601704	1676.709961	2263.805908
625.167763	-2735.601704	1675.713867	2346.220215
625.167763	-2735.601704	1674.718750	2272.887451
625.167763	-2735.601704	1673.723633	2330.155029
625.167763	-2735.601704	1672.727539	2274.429932
625.167763	-2735.601704	1671.731445	2364.301025
625.167763	-2735.601704	1670.735352	2396.418945
625.167763	-2735.601704	1669.738281	2365.802979
625.167763	-2735.601704	1668.742188	2410.448242
625.167763	-2735.601704	1667.745117	2364.795898
625.167763	-2735.601704	1666.748047	2341.727783
625.167763	-2735.601704	1665.750000	2361.282715
625.167763	-2735.601704	1664.752930	2405.890625
625.167763	-2735.601704	1663.754883	2387.839355
625.167763	-2735.601704	1662.756836	2407.371826
625.167763	-2735.601704	1661.758789	2344.246338
625.167763	-2735.601704	1660.760742	2296.171631
625.167763	-2735.601704	1659.761719	2268.145020
625.167763	-2735.601704	1658.762695	2217.603760
625.167763	-2735.601704	1657.763672	2279.692139
625.167763	-2735.601704	1656.764648	2296.720459
625.167763	-2735.601704	1655.765625	2178.668945
625.167763	-2735.601704	1654.765625	2363.265625
625.167763	-2735.601704	1653.765625	2335.260254
625.167763	-2735.601704	1652.765625	2279.769287
625.167763	-2735.601704	1651.765625	2274.286133
625.167763	-2735.601704	1650.764648	2248.815918
625.167763	-2735.601704	1649.764648	2248.337891
625.167763	-2735.601704	1648.763672	2282.826660
625.167763	-2735.601704	1647.761719	2369.739746
625.167763	-2735.601704	1646.760742	2346.767090
625.167763	-2735.601704	1645.758789	2348.764404
625.167763	-2735.601704	1644.756836	2475.535889
625.167763	-2735.601704	1643.754883	2442.575195
625.167763	-2735.601704	1642.752930	2634.128174
625.167763	-2735.601704	1641.750977	2601.147705
625.167763	-2735.601704	1640.748047	2613.062012
625.167763	-2735.601704	1639.745117	2672.335449
625.167763	-2735.601704	1638.742188	2754.014404
625.167763	-2735.601704	1637.738281	2728.511475
625.167763	-2735.601704	1636.735352	2638.246582
625.167763	-2735.601704	1635.731445	2630.214111
625.167763	-2735.601704	1634.727539	2465.302246
625.167763	-2735.601704	1633.723633	2536.979248
625.167763	-2735.601704	1632.718750	2421.939697
625.167763	-2735.601704	1631.714844	2401.516602
625.167763	-2735.601704	1630.709961	2266.649902
625.167763	-2735.601704	1629.705078	2243.780518
625.167763	-2735.601704	1628.699219	2235.843262
625.167763	-2735.601704	1627.694336	2143.367920
625.167763	-2735.601704	1626.688477	2152.856689
625.167763	-2735.601704	1625.682617	2149.914307
625.167763	-2735.601704	1624.676758	2156.912842
625.167763	-2735.601704	1623.669922	2149.001953
625.167763	-2735.601704	1622.664063	2086.448975
625.167763	-2735.601704	1621.657227	2033.856079
625.167763	-2735.601704	1620.650391	2070.666748
625.167763	-2735.601704	1619.642578	2057.815918
625.167763	-2735.601704	1618.635742	2012.707520
625.167763	-2735.601704	1617.627930	2007.317871
625.167763	-2735.601704	1616.620117	2066.428955
625.167763	-2735.601704	1615.612305	2063.510254
625.167763	-2735.601704	1614.604492	2055.633545
625.167763	-2735.601704	1613.595703	2057.676514
625.167763	-2735.601704	1612.586914	1990.317749
625.167763	-2735.601704	1611.578125	2059.281494
625.167763	-2735.601704	1610.569336	2058.844727
625.167763	-2735.601704	1609.559570	2026.206665
625.167763	-2735.601704	1608.550781	2132.266357
625.167763	-2735.601704	1607.541016	2228.376953
625.167763	-2735.601704	1606.530273	2175.919922
625.167763	-2735.601704	1605.520508	2249.706055
625.167763	-2735.601704	1604.509766	2444.706299
625.167763	-2735.601704	1603.500000	2421.922852
625.167763	-2735.601704	1602.489258	2431.302734
625.167763	-2735.601704	1601.477539	2571.738037
625.167763	-2735.601704	1600.466797	2370.936279
625.167763	-2735.601704	1599.455078	2372.905029
625.167763	-2735.601704	1598.443359	2261.195557
625.167763	-2735.601704	1597.431641	2270.598877
625.167763	-2735.601704	1596.419922	2161.428223
625.167763	-2735.601704	1595.407227	2170.848633
625.167763	-2735.601704	1594.394531	2165.449951
625.167763	-2735.601704	1593.381836	2115.617920
625.167763	-2735.601704	1592.369141	2053.466553
625.167763	-2735.601704	1591.356445	2040.693115
625.167763	-2735.601704	1590.342773	1944.044922
625.167763	-2735.601704	1589.329102	2039.827637
625.167763	-2735.601704	1588.315430	2036.929077
625.167763	-2735.601704	1587.301758	2016.773071
625.167763	-2735.601704	1586.287109	2055.784912
625.167763	-2735.601704	1585.272461	2023.311157
625.167763	-2735.601704	1584.257813	2000.706665
625.167763	-2735.601704	1583.243164	2042.160278
625.167763	-2735.601704	1582.228516	2036.801392
625.167763	-2735.601704	1581.212891	1994.509399
625.167763	-2735.601704	1580.197266	2095.021484
625.167763	-2735.601704	1579.181641	2153.648682
625.167763	-2735.601704	1578.166016	2020.309326
625.167763	-2735.601704	1577.149414	2032.182251
625.167763	-2735.601704	1576.133789	2029.291504
625.167763	-2735.601704	1575.117188	2014.105713
625.167763	-2735.601704	1574.099609	2018.595947
625.167763	-2735.601704	1573.083008	2040.291504
625.167763	-2735.601704	1572.065430	1963.671265
625.167763	-2735.601704	1571.047852	1852.683472
625.167763	-2735.601704	1570.030273	2041.450073
625.167763	-2735.601704	1569.012695	2016.456177
625.167763	-2735.601704	1567.995117	1981.650391
625.167763	-2735.601704	1566.976563	2008.235596
625.167763	-2735.601704	1565.958008	2064.263916
625.167763	-2735.601704	1564.939453	2029.469849
625.167763	-2735.601704	1563.919922	1965.248535
625.167763	-2735.601704	1562.901367	1972.190552
625.167763	-2735.601704	1561.881836	2116.466797
625.167763	-2735.601704	1560.862305	1976.257690
625.167763	-2735.601704	1559.841797	2032.220947
625.167763	-2735.601704	1558.822266	1975.419312
625.167763	-2735.601704	1557.801758	1960.297974
625.167763	-2735.601704	1556.781250	2028.477905
625.167763	-2735.601704	1555.760742	2079.483398
625.167763	-2735.601704	1554.740234	1993.333740
625.167763	-2735.601704	1553.718750	2027.186890
625.167763	-2735.601704	1552.697266	1994.935669
625.167763	-2735.601704	1551.675781	2119.322266
625.167763	-2735.601704	1550.654297	2084.618408
625.167763	-2735.601704	1549.631836	2098.853271
625.167763	-2735.601704	1548.609375	2113.082031
625.167763	-2735.601704	1547.587891	2051.503906
625.167763	-2735.601704	1546.564453	2141.520996
625.167763	-2735.601704	1545.541992	2018.859375
625.167763	-2735.601704	1544.518555	2084.408691
625.167763	-2735.601704	1543.495117	2000.900757
625.167763	-2735.601704	1542.471680	2024.901733
625.167763	-2735.601704	1541.448242	2022.029785
625.167763	-2735.601704	1540.424805	1987.418945
625.167763	-2735.601704	1539.400391	2011.407227
625.167763	-2735.601704	1538.375977	1998.777588
625.167763	-2735.601704	1537.351563	2037.393066
625.167763	-2735.601704	1536.326172	1980.852539
625.167763	-2735.601704	1535.301758	1956.042236
625.167763	-2735.601704	1534.276367	2072.671875
625.167763	-2735.601704	1533.250977	2042.976685
625.167763	-2735.601704	1532.224609	2059.604492
625.167763	-2735.601704	1531.199219	2146.894775
625.167763	-2735.601704	1530.172852	2039.238647
625.167763	-2735.601704	1529.146484	2104.573486
625.167763	-2735.601704	1528.120117	2033.501709
625.167763	-2735.601704	1527.093750	1955.155640
625.167763	-2735.601704	1526.066406	2049.677734
625.167763	-2735.601704	1525.039063	2041.940918
625.167763	-2735.601704	1524.011719	2009.874512
625.167763	-2735.601704	1522.984375	2058.102295
625.167763	-2735.601704	1521.956055	2116.038330
625.167763	-2735.601704	1520.927734	2105.861816
625.167763	-2735.601704	1519.899414	2068.946289
625.167763	-2735.601704	1518.871094	2085.521240
625.167763	-2735.601704	1517.842773	1990.301514
625.167763	-2735.601704	1516.813477	2074.916016
625.167763	-2735.601704	1515.784180	2033.179565
625.167763	-2735.601704	1514.754883	2064.319092
625.167763	-2735.601704	1513.725586	2003.177856
625.167763	-2735.601704	1512.695313	2128.985840
625.167763	-2735.601704	1511.666016	2065.429443
625.167763	-2735.601704	1510.635742	2072.269775
625.167763	-2735.601704	1509.604492	1989.343994
625.167763	-2735.601704	1508.574219	2042.281982
625.167763	-2735.601704	1507.542969	2100.047363
625.167763	-2735.601704	1506.511719	2126.269775
625.167763	-2735.601704	1505.480469	2125.817383
625.167763	-2735.601704	1504.449219	2181.104248
625.167763	-2735.601704	1503.416992	2054.647705
625.167763	-2735.601704	1502.384766	2134.150146
625.167763	-2735.601704	1501.352539	2053.772949
625.167763	-2735.601704	1500.320313	2123.555908
625.167763	-2735.601704	1499.288086	2193.309082
625.167763	-2735.601704	1498.254883	2188.001465
625.167763	-2735.601704	1497.221680	2139.138672
625.167763	-2735.601704	1496.188477	2247.552734
625.167763	-2735.601704	1495.155273	2278.518555
625.167763	-2735.601704	1494.121094	2164.373291
625.167763	-2735.601704	1493.086914	2209.850098
625.167763	-2735.601704	1492.052734	2231.134521
625.167763	-2735.601704	1491.018555	2288.661133
625.167763	-2735.601704	1489.983398	2244.681396
625.167763	-2735.601704	1488.949219	2299.764404
625.167763	-2735.601704	1487.914063	2313.765625
625.167763	-2735.601704	1486.877930	2303.613525
625.167763	-2735.601704	1485.842773	2307.950684
625.167763	-2735.601704	1484.806641	2312.286133
625.167763	-2735.601704	1483.771484	2340.750732
625.167763	-2735.601704	1482.734375	2357.139893
625.167763	-2735.601704	1481.698242	2293.922363
625.167763	-2735.601704	1480.662109	2421.247803
625.167763	-2735.601704	1479.625000	2442.431152
625.167763	-2735.601704	1478.587891	2461.194580
625.167763	-2735.601704	1477.550781	2402.828125
625.167763	-2735.601704	1476.512695	2440.867920
625.167763	-2735.601704	1475.475586	2580.070801
625.167763	-2735.601704	1474.437500	2490.405029
625.167763	-2735.601704	1473.399414	2617.497559
625.167763	-2735.601704	1472.360352	2643.420898
625.167763	-2735.601704	1471.322266	2751.170410
625.167763	-2735.601704	1470.283203	2743.363525
625.167763	-2735.601704	1469.244141	2711.500244
625.167763	-2735.601704	1468.205078	2737.380859
625.167763	-2735.601704	1467.165039	2847.422119
625.167763	-2735.601704	1466.125000	2878.071045
625.167763	-2735.601704	1465.084961	2980.823486
625.167763	-2735.601704	1464.044922	2965.766113
625.167763	-2735.601704	1463.004883	3034.815186
625.167763	-2735.601704	1461.963867	3058.189941
625.167763	-2735.601704	1460.922852	3093.563721
625.167763	-2735.601704	1459.881836	3143.329834
625.167763	-2735.601704	1458.840820	3118.649658
625.167763	-2735.601704	1457.798828	3117.982666
625.167763	-2735.601704	1456.757813	3069.320068
625.167763	-2735.601704	1455.715820	3217.417969
625.167763	-2735.601704	1454.672852	3185.545898
625.167763	-2735.601704	1453.630859	3261.607910
625.167763	-2735.601704	1452.587891	3224.943848
625.167763	-2735.601704	1451.544922	3305.758789
625.167763	-2735.601704	1450.501953	3326.621338
625.167763	-2735.601704	1449.458984	3270.796875
625.167763	-2735.601704	1448.415039	3365.923340
625.167763	-2735.601704	1447.372070	3192.750732
625.167763	-2735.601704	1446.327148	3266.301025
625.167763	-2735.601704	1445.283203	3251.236572
625.167763	-2735.601704	1444.239258	3312.773926
625.167763	-2735.601704	1443.194336	3108.649658
625.167763	-2735.601704	1442.149414	3072.094482
625.167763	-2735.601704	1441.104492	3112.101318
625.167763	-2735.601704	1440.058594	3094.693115
625.167763	-2735.601704	1439.013672	3091.638428
625.167763	-2735.601704	1437.967773	3026.430664
625.167763	-2735.601704	1436.921875	2930.180176
625.167763	-2735.601704	1435.875000	2951.057373
625.167763	-2735.601704	1434.829102	2924.145020
625.167763	-2735.601704	1433.782227	2825.589111
625.167763	-2735.601704	1432.735352	2844.086670
625.167763	-2735.601704	1431.688477	2891.225342
625.167763	-2735.601704	1430.640625	2869.122070
625.167763	-2735.601704	1429.592773	2894.756836
625.167763	-2735.601704	1428.544922	2882.205566
625.167763	-2735.601704	1427.497070	2750.388184
625.167763	-2735.601704	1426.449219	2878.582275
625.167763	-2735.601704	1425.400391	2882.732666
625.167763	-2735.601704	1424.351563	2853.506592
625.167763	-2735.601704	1423.302734	2886.260254
625.167763	-2735.601704	1422.253906	2911.851318
625.167763	-2735.601704	1421.204102	2880.254639
625.167763	-2735.601704	1420.155273	2777.216309
625.167763	-2735.601704	1419.104492	2893.303711
625.167763	-2735.601704	1418.054688	2799.829834
625.167763	-2735.601704	1417.004883	2803.988037
625.167763	-2735.601704	1415.954102	2836.701416
625.167763	-2735.601704	1414.903320	2807.539551
625.167763	-2735.601704	1413.852539	2702.269775
625.167763	-2735.601704	1412.800781	2732.605225
625.167763	-2735.601704	1411.750000	2924.613037
625.167763	-2735.601704	1410.698242	2790.858643
625.167763	-2735.601704	1409.646484	2797.387695
625.167763	-2735.601704	1408.593750	2884.704102
625.167763	-2735.601704	1407.541992	3019.496582
625.167763	-2735.601704	1406.489258	2995.093994
625.167763	-2735.601704	1405.436523	3063.313232
625.167763	-2735.601704	1404.383789	3072.149414
625.167763	-2735.601704	1403.330078	3078.607666
625.167763	-2735.601704	1402.276367	3042.346680
625.167763	-2735.601704	1401.222656	2953.903564
625.167763	-2735.601704	1400.168945	3012.568604
625.167763	-2735.601704	1399.115234	2895.710449
625.167763	-2735.601704	1398.060547	2864.261475
625.167763	-2735.601704	1397.005859	2913.424805
625.167763	-2735.601704	1395.951172	2841.694092
625.167763	-2735.601704	1394.896484	2883.731934
625.167763	-2735.601704	1393.840820	2904.430176
625.167763	-2735.601704	1392.785156	2870.643311
625.167763	-2735.601704	1391.729492	2827.398682
625.167763	-2735.601704	1390.673828	2857.564941
625.167763	-2735.601704	1389.617188	2852.213135
625.167763	-2735.601704	1388.561523	2870.528076
625.167763	-2735.601704	1387.503906	2765.804932
625.167763	-2735.601704	1386.447266	2862.189941
625.167763	-2735.601704	1385.390625	2776.432861
625.167763	-2735.601704	1384.333008	2811.298340
625.167763	-2735.601704	1383.275391	2772.867188
625.167763	-2735.601704	1382.217773	2769.903320
625.167763	-2735.601704	1381.159180	2729.134277
625.167763	-2735.601704	1380.101563	2745.079834
625.167763	-2735.601704	1379.042969	2779.912842
625.167763	-2735.601704	1377.984375	2689.579102
625.167763	-2735.601704	1376.924805	2781.068848
625.167763	-2735.601704	1375.866211	2707.295898
625.167763	-2735.601704	1374.806641	2692.549805
625.167763	-2735.601704	1373.747070	2783.978760
625.167763	-2735.601704	1372.687500	2714.969727
625.167763	-2735.601704	1371.626953	2782.770752
625.167763	-2735.601704	1370.566406	2624.196289
625.167763	-2735.601704	1369.505859	2604.768555
625.167763	-2735.601704	1368.445313	2656.051514
625.167763	-2735.601704	1367.384766	2634.268555
625.167763	-2735.601704	1366.323242	2640.763428
625.167763	-2735.601704	1365.261719	2659.031250
625.167763	-2735.601704	1364.200195	2613.714111
625.167763	-2735.601704	1363.137695	2547.228760
625.167763	-2735.601704	1362.076172	2523.138184
625.167763	-2735.601704	1361.013672	2581.418701
625.167763	-2735.601704	1359.951172	2597.325684
625.167763	-2735.601704	1358.887695	2582.647705
625.167763	-2735.601704	1357.825195	2560.921143
625.167763	-2735.601704	1356.761719	2649.706055
625.167763	-2735.601704	1355.698242	2644.427979
625.167763	-2735.601704	1354.633789	2552.198486
625.167763	-2735.601704	1353.570313	2589.235840
625.167763	-2735.601704	1352.505859	2640.351318
625.167763	-2735.601704	1351.441406	2646.821533
625.167763	-2735.601704	1350.376953	2676.769043
625.167763	-2735.601704	1349.311523	2727.831299
625.167763	-2735.601704	1348.247070	2666.213867
625.167763	-2735.601704	1347.181641	2630.434570
625.167763	-2735.601704	1346.115234	2697.894531
625.167763	-2735.601704	1345.049805	2725.451660
625.167763	-2735.601704	1343.983398	2670.922363
625.167763	-2735.601704	1342.916992	2740.673096
625.167763	-2735.601704	1341.850586	2758.825928
625.167763	-2735.601704	1340.784180	2711.354736
625.167763	-2735.601704	1339.716797	2755.277832
625.167763	-2735.601704	1338.649414	2700.800293
625.167763	-2735.601704	1337.582031	2763.441162
625.167763	-2735.601704	1336.514648	2720.691895
625.167763	-2735.601704	1335.446289	2792.663818
625.167763	-2735.601704	1334.377930	2693.757813
625.167763	-2735.601704	1333.309570	2826.539795
625.167763	-2735.601704	1332.241211	2744.044189
625.167763	-2735.601704	1331.171875	2748.121094
625.167763	-2735.601704	1330.102539	2717.121338
625.167763	-2735.601704	1329.033203	2704.837158
625.167763	-2735.601704	1327.963867	2736.966553
625.167763	-2735.601704	1326.893555	2839.185059
625.167763	-2735.601704	1325.824219	2810.527344
625.167763	-2735.601704	1324.753906	2765.531738
625.167763	-2735.601704	1323.682617	2750.913818
625.167763	-2735.601704	1322.612305	2869.381592
625.167763	-2735.601704	1321.541016	2731.033203
625.167763	-2735.601704	1320.469727	2835.450439
625.167763	-2735.601704	1319.398438	2839.494141
625.167763	-2735.601704	1318.327148	2687.246582
625.167763	-2735.601704	1317.254883	2828.918457
625.167763	-2735.601704	1316.182617	2777.000488
625.167763	-2735.601704	1315.110352	2878.960205
625.167763	-2735.601704	1314.037109	2796.755371
625.167763	-2735.601704	1312.964844	2814.781250
625.167763	-2735.601704	1311.891602	2821.150879
625.167763	-2735.601704	1310.818359	2808.884766
625.167763	-2735.601704	1309.744141	2803.609375
625.167763	-2735.601704	1308.670898	2740.134521
625.167763	-2735.601704	1307.596680	2748.841309
625.167763	-2735.601704	1306.522461	2762.198242
625.167763	-2735.601704	1305.447266	2875.589600
625.167763	-2735.601704	1304.373047	2851.695557
625.167763	-2735.601704	1303.297852	2878.973145
625.167763	-2735.601704	1302.222656	2889.963135
625.167763	-2735.601704	1301.147461	2819.591553
625.167763	-2735.601704	1300.071289	2837.561035
625.167763	-2735.601704	1298.995117	2781.172119
625.167763	-2735.601704	1297.918945	2824.693848
625.167763	-2735.601704	1296.842773	2870.518799
625.167763	-2735.601704	1295.765625	2930.254639
625.167763	-2735.601704	1294.689453	2955.142578
625.167763	-2735.601704	1293.611328	2898.788086
625.167763	-2735.601704	1292.534180	2932.953125
625.167763	-2735.601704	1291.457031	2876.627930
625.167763	-2735.601704	1290.378906	2920.059082
625.167763	-2735.601704	1289.300781	2975.065186
625.167763	-2735.601704	1288.222656	2974.406738
625.167763	-2735.601704	1287.143555	2938.981201
625.167763	-2735.601704	1286.064453	2996.262695
625.167763	-2735.601704	1284.985352	2946.946777
625.167763	-2735.601704	1283.906250	2906.917236
625.167763	-2735.601704	1282.827148	3001.218994
625.167763	-2735.601704	1281.747070	2933.411621
625.167763	-2735.601704	1280.666992	3023.035400
625.167763	-2735.601704	1279.586914	2918.225098
625.167763	-2735.601704	1278.505859	3070.281982
625.167763	-2735.601704	1277.425781	3120.490723
625.167763	-2735.601704	1276.344727	3078.169678
625.167763	-2735.601704	1275.263672	2991.936035
625.167763	-2735.601704	1274.181641	3153.086670
625.167763	-2735.601704	1273.099609	3138.519287
625.167763	-2735.601704	1272.018555	3100.851563
625.167763	-2735.601704	1270.935547	3162.535156
625.167763	-2735.601704	1269.853516	3217.261963
625.167763	-2735.601704	1268.770508	3068.765137
625.167763	-2735.601704	1267.687500	3125.796143
625.167763	-2735.601704	1266.604492	3233.578613
625.167763	-2735.601704	1265.521484	3239.781250
625.167763	-2735.601704	1264.437500	3132.936523
625.167763	-2735.601704	1263.353516	3180.675049
625.167763	-2735.601704	1262.269531	3069.278320
625.167763	-2735.601704	1261.185547	3040.928223
625.167763	-2735.601704	1260.100586	3054.079834
625.167763	-2735.601704	1259.015625	3048.789551
625.167763	-2735.601704	1257.930664	3147.178467
625.167763	-2735.601704	1256.845703	3231.702637
625.167763	-2735.601704	1255.759766	3189.528564
625.167763	-2735.601704	1254.673828	3225.654297
625.167763	-2735.601704	1253.587891	3220.329834
625.167763	-2735.601704	1252.501953	3235.719482
625.167763	-2735.601704	1251.415039	3255.703613
625.167763	-2735.601704	1250.328125	3185.965332
625.167763	-2735.601704	1249.241211	3318.642334
625.167763	-2735.601704	1248.154297	3322.498047
625.167763	-2735.601704	1247.066406	3333.248291
625.167763	-2735.601704	1245.978516	3309.519043
625.167763	-2735.601704	1244.890625	3352.435059
625.167763	-2735.601704	1243.802734	3333.305908
625.167763	-2735.601704	1242.713867	3210.831787
625.167763	-2735.601704	1241.625000	3290.479492
625.167763	-2735.601704	1240.536133	3328.768311
625.167763	-2735.601704	1239.447266	3314.250244
625.167763	-2735.601704	1238.357422	3400.703857
625.167763	-2735.601704	1237.267578	3282.938477
625.167763	-2735.601704	1236.177734	3227.153564
625.167763	-2735.601704	1235.087891	3283.756836
625.167763	-2735.601704	1233.997070	3150.047363
625.167763	-2735.601704	1232.906250	3103.497070
625.167763	-2735.601704	1231.815430	3178.421387
625.167763	-2735.601704	1230.724609	3003.585449
625.167763	-2735.601704	1229.632813	3160.957275
625.167763	-2735.601704	1228.541016	3059.484131
625.167763	-2735.601704	1227.449219	2987.820313
625.167763	-2735.601704	1226.356445	3094.730225
625.167763	-2735.601704	1225.264648	2972.743164
625.167763	-2735.601704	1224.171875	2981.224854
625.167763	-2735.601704	1223.079102	2966.827881
625.167763	-2735.601704	1221.985352	2915.845947
625.167763	-2735.601704	1220.892578	2832.876709
625.167763	-2735.601704	1219.798828	2948.818604
625.167763	-2735.601704	1218.705078	2952.723389
625.167763	-2735.601704	1217.610352	2897.219482
625.167763	-2735.601704	1216.516602	2873.721436
625.167763	-2735.601704	1215.421875	2934.735352
625.167763	-2735.601704	1214.326172	2799.355713
625.167763	-2735.601704	1213.231445	2869.489502
625.167763	-2735.601704	1212.135742	2798.089355
625.167763	-2735.601704	1211.040039	2847.655029
625.167763	-2735.601704	1209.944336	2892.635254
625.167763	-2735.601704	1208.848633	2967.244629
625.167763	-2735.601704	1207.751953	2932.368896
625.167763	-2735.601704	1206.655273	2995.536133
625.167763	-2735.601704	1205.558594	2981.181641
625.167763	-2735.601704	1204.461914	2928.095947
625.167763	-2735.601704	1203.364258	3050.452148
625.167763	-2735.601704	1202.266602	3020.150391
625.167763	-2735.601704	1201.168945	3039.958740
625.167763	-2735.601704	1200.070313	2882.182617
625.167763	-2735.601704	1198.971680	2936.153809
625.167763	-2735.601704	1197.873047	2942.312988
625.167763	-2735.601704	1196.774414	2918.893555
625.167763	-2735.601704	1195.675781	3004.661865
625.167763	-2735.601704	1194.576172	2974.416016
625.167763	-2735.601704	1193.476563	2953.277344
625.167763	-2735.601704	1192.376953	2866.231689
625.167763	-2735.601704	1191.276367	2817.856934
625.167763	-2735.601704	1190.175781	2892.189209
625.167763	-2735.601704	1189.075195	2911.972656
625.167763	-2735.601704	1187.974609	2927.205078
625.167763	-2735.601704	1186.873047	2915.185303
625.167763	-2735.601704	1185.772461	2898.630859
625.167763	-2735.601704	1184.669922	2997.821045
625.167763	-2735.601704	1183.568359	3056.126221
625.167763	-2735.601704	1182.466797	2973.768555
625.167763	-2735.601704	1181.364258	2936.803955
625.167763	-2735.601704	1180.261719	2920.261719
625.167763	-2735.601704	1179.158203	3028.398438
625.167763	-2735.601704	1178.055664	3084.361816
625.167763	-2735.601704	1176.952148	3090.453125
625.167763	-2735.601704	1175.848633	2983.280762
625.167763	-2735.601704	1174.744141	2935.039063
625.167763	-2735.601704	1173.640625	3018.140869
625.167763	-2735.601704	1172.536133	3017.448975
625.167763	-2735.601704	1171.430664	3034.862305
625.167763	-2735.601704	1170.326172	3068.105469
625.167763	-2735.601704	1169.220703	3015.373047
625.167763	-2735.601704	1168.115234	3023.727295
625.167763	-2735.601704	1167.009766	3059.209717
625.167763	-2735.601704	1165.904297	3033.641113
625.167763	-2735.601704	1164.797852	3019.383789
625.167763	-2735.601704	1163.691406	2980.278320
625.167763	-2735.601704	1162.584961	3042.844238
625.167763	-2735.601704	1161.477539	3071.504150
625.167763	-2735.601704	1160.370117	3118.214111
625.167763	-2735.601704	1159.262695	3049.773438
625.167763	-2735.601704	1158.155273	3166.429688
625.167763	-2735.601704	1157.047852	2991.958984
625.167763	-2735.601704	1155.939453	3122.109131
625.167763	-2735.601704	1154.831055	3094.325195
625.167763	-2735.601704	1153.721680	3030.476318
625.167763	-2735.601704	1152.613281	3052.320068
625.167763	-2735.601704	1151.503906	3148.527832
625.167763	-2735.601704	1150.394531	2981.059570
625.167763	-2735.601704	1149.284180	2966.854492
625.167763	-2735.601704	1148.174805	2988.690918
625.167763	-2735.601704	1147.064453	2969.986328
625.167763	-2735.601704	1145.953125	3030.081055
625.167763	-2735.601704	1144.842773	2932.601807
625.167763	-2735.601704	1143.731445	2974.675537
625.167763	-2735.601704	1142.620117	2944.741699
625.167763	-2735.601704	1141.508789	3029.524902
625.167763	-2735.601704	1140.397461	2988.348633
625.167763	-2735.601704	1139.285156	2911.222168
625.167763	-2735.601704	1138.172852	2998.200439
625.167763	-2735.601704	1137.060547	3010.986816
625.167763	-2735.601704	1135.947266	3039.492188
625.167763	-2735.601704	1134.833984	3144.346436
625.167763	-2735.601704	1133.720703	3051.552979
625.167763	-2735.601704	1132.607422	3068.803223
625.167763	-2735.601704	1131.493164	3081.556152
625.167763	-2735.601704	1130.378906	3143.667969
625.167763	-2735.601704	1129.264648	3001.605225
625.167763	-2735.601704	1128.150391	3157.904785
625.167763	-2735.601704	1127.035156	3112.323242
625.167763	-2735.601704	1125.919922	3057.795410
625.167763	-2735.601704	1124.804688	3164.663330
625.167763	-2735.601704	1123.688477	3051.888428
625.167763	-2735.601704	1122.573242	3196.790771
625.167763	-2735.601704	1121.457031	3157.970215
625.167763	-2735.601704	1120.339844	3123.645508
625.167763	-2735.601704	1119.223633	3091.574951
625.167763	-2735.601704	1118.106445	3137.853271
625.167763	-2735.601704	1116.989258	3141.595215
625.167763	-2735.601704	1115.871094	3145.334961
625.167763	-2735.601704	1114.753906	3245.244385
625.167763	-2735.601704	1113.635742	3204.236328
625.167763	-2735.601704	1112.517578	3232.547852
625.167763	-2735.601704	1111.398438	3175.916260
625.167763	-2735.601704	1110.280273	3246.675049
625.167763	-2735.601704	1109.161133	3239.212158
625.167763	-2735.601704	1108.041992	3441.693604
625.167763	-2735.601704	1106.921875	3347.104736
625.167763	-2735.601704	1105.801758	3339.622314
625.167763	-2735.601704	1104.681641	3307.592529
625.167763	-2735.601704	1103.561523	3407.225098
625.167763	-2735.601704	1102.440430	3422.040039
625.167763	-2735.601704	1101.320313	3414.544922
625.167763	-2735.601704	1100.198242	3431.580078
625.167763	-2735.601704	1099.077148	3595.735107
625.167763	-2735.601704	1097.955078	3405.449707
625.167763	-2735.601704	1096.833008	3496.002930
625.167763	-2735.601704	1095.710938	3501.862549
625.167763	-2735.601704	1094.588867	3509.945801
625.167763	-2735.601704	1093.465820	3526.931152
625.167763	-2735.601704	1092.342773	3624.046631
625.167763	-2735.601704	1091.219727	3620.966064
625.167763	-2735.601704	1090.095703	3622.336426
625.167763	-2735.601704	1088.971680	3752.726318
625.167763	-2735.601704	1087.847656	3767.407715
625.167763	-2735.601704	1086.723633	3768.740723
625.167763	-2735.601704	1085.598633	3878.995605
625.167763	-2735.601704	1084.473633	3966.973877
625.167763	-2735.601704	1083.348633	4090.459961
625.167763	-2735.601704	1082.223633	4129.475586
625.167763	-2735.601704	1081.097656	4135.160156
625.167763	-2735.601704	1079.971680	4216.331055
625.167763	-2735.601704	1078.845703	4459.505859
625.167763	-2735.601704	1077.718750	4451.790527
625.167763	-2735.601704	1076.591797	4519.514648
625.167763	-2735.601704	1075.464844	4687.023926
625.167763	-2735.601704	1074.337891	4794.576172
625.167763	-2735.601704	1073.209961	4822.259766
625.167763	-2735.601704	1072.082031	4767.915527
625.167763	-2735.601704	1070.954102	4786.726563
625.167763	-2735.601704	1069.826172	4807.743652
625.167763	-2735.601704	1068.697266	4879.695313
625.167763	-2735.601704	1067.568359	4847.530762
625.167763	-2735.601704	1066.439453	4629.407227
625.167763	-2735.601704	1065.309570	4688.067383
625.167763	-2735.601704	1064.179688	4580.729980
625.167763	-2735.601704	1063.049805	4453.531738
625.167763	-2735.601704	1061.919922	4361.783203
625.167763	-2735.601704	1060.789063	4374.010254
625.167763	-2735.601704	1059.658203	4319.906250
625.167763	-2735.601704	1058.527344	4117.739746
625.167763	-2735.601704	1057.395508	4238.291504
625.167763	-2735.601704	1056.264648	4100.306641
625.167763	-2735.601704	1055.131836	4163.377930
625.167763	-2735.601704	1054.000000	4027.683838
625.167763	-2735.601704	1052.868164	4095.156006
625.167763	-2735.601704	1051.735352	4078.725586
625.167763	-2735.601704	1050.601563	4064.508789
625.167763	-2735.601704	1049.468750	4076.770752
625.167763	-2735.601704	1048.334961	4122.108887
625.167763	-2735.601704	1047.201172	4218.139160
625.167763	-2735.601704	1046.067383	4170.833008
625.167763	-2735.601704	1044.932617	4246.968750
625.167763	-2735.601704	1043.798828	4173.236328
625.167763	-2735.601704	1042.663086	4242.725098
625.167763	-2735.601704	1041.528320	4398.070801
625.167763	-2735.601704	1040.392578	4264.904297
625.167763	-2735.601704	1039.256836	4400.357422
625.167763	-2735.601704	1038.121094	4304.665527
625.167763	-2735.601704	1036.985352	4319.029785
625.167763	-2735.601704	1035.848633	4289.393066
625.167763	-2735.601704	1034.711914	4266.367188
625.167763	-2735.601704	1033.574219	4181.790527
625.167763	-2735.601704	1032.437500	4215.950684
625.167763	-2735.601704	1031.299805	4186.364258
625.167763	-2735.601704	1030.162109	4262.249512
625.167763	-2735.601704	1029.023438	4190.931152
625.167763	-2735.601704	1027.884766	4293.128906
625.167763	-2735.601704	1026.746094	4256.963379
625.167763	-2735.601704	1025.607422	4326.170410
625.167763	-2735.601704	1024.467773	4156.155762
625.167763	-2735.601704	1023.329102	4223.158691
625.167763	-2735.601704	1022.188477	4208.975098
625.167763	-2735.601704	1021.048828	4207.955078
625.167763	-2735.601704	1019.908203	4075.399170
625.167763	-2735.601704	1018.767578	4192.763184
625.167763	-2735.601704	1017.626953	4112.862793
625.167763	-2735.601704	1016.485352	4085.575928
625.167763	-2735.601704	1015.343750	4058.301758
625.167763	-2735.601704	1014.202148	4085.779785
625.167763	-2735.601704	1013.060547	4047.572266
625.167763	-2735.601704	1011.917969	3974.365967
625.167763	-2735.601704	1010.775391	3977.774414
625.167763	-2735.601704	1009.632813	3976.805664
625.167763	-2735.601704	1008.489258	4034.884033
625.167763	-2735.601704	1007.345703	4171.643555
625.167763	-2735.601704	1006.202148	4244.945313
625.167763	-2735.601704	1005.058594	4709.384766
625.167763	-2735.601704	1003.914063	5027.215332
625.167763	-2735.601704	1002.769531	5432.260742
625.167763	-2735.601704	1001.624023	5634.020020
625.167763	-2735.601704	1000.479492	5108.676270
625.167763	-2735.601704	999.333984	4764.749023
625.167763	-2735.601704	998.188477	4412.260742
625.167763	-2735.601704	997.041992	4334.825195
625.167763	-2735.601704	995.896484	4205.081055
625.167763	-2735.601704	994.750000	4184.426270
625.167763	-2735.601704	993.602539	4266.240234
625.167763	-2735.601704	992.456055	4164.938965
625.167763	-2735.601704	991.308594	4146.485840
625.167763	-2735.601704	990.161133	4212.998047
625.167763	-2735.601704	989.012695	4299.077148
625.167763	-2735.601704	987.864258	4160.850098
625.167763	-2735.601704	986.715820	4201.186035
625.167763	-2735.601704	985.567383	4200.152832
625.167763	-2735.601704	984.417969	4144.727051
625.167763	-2735.601704	983.268555	4304.669434
625.167763	-2735.601704	982.119141	4312.308105
625.167763	-2735.601704	980.969727	4409.080078
625.167763	-2735.601704	979.819336	4368.869141
625.167763	-2735.601704	978.668945	4689.400391
625.167763	-2735.601704	977.517578	4770.797852
625.167763	-2735.601704	976.367188	5069.350586
625.167763	-2735.601704	975.215820	5252.669434
625.167763	-2735.601704	974.064453	5414.187988
625.167763	-2735.601704	972.912109	5970.628906
625.167763	-2735.601704	971.759766	6476.888184
625.167763	-2735.601704	970.607422	7043.635742
625.167763	-2735.601704	969.455078	7677.332520
625.167763	-2735.601704	968.301758	8484.169922
625.167763	-2735.601704	967.148438	9624.425781
625.167763	-2735.601704	965.995117	10510.561523
625.167763	-2735.601704	964.840820	11758.076172
625.167763	-2735.601704	963.686523	12768.871094
625.167763	-2735.601704	962.532227	13647.064453
625.167763	-2735.601704	961.377930	14475.025391
625.167763	-2735.601704	960.222656	14843.710938
625.167763	-2735.601704	959.067383	15134.311523
625.167763	-2735.601704	957.912109	14773.591797
625.167763	-2735.601704	956.755859	14397.910156
625.167763	-2735.601704	955.599609	13646.174805
625.167763	-2735.601704	954.443359	12758.621094
625.167763	-2735.601704	953.286133	11817.478516
625.167763	-2735.601704	952.128906	11157.688477
625.167763	-2735.601704	950.971680	10381.579102
625.167763	-2735.601704	949.814453	9318.628906
625.167763	-2735.601704	948.656250	8949.263672
625.167763	-2735.601704	947.498047	8396.607422
625.167763	-2735.601704	946.339844	7762.223633
625.167763	-2735.601704	945.180664	7311.536621
625.167763	-2735.601704	944.021484	6964.604492
625.167763	-2735.601704	942.862305	6673.910156
625.167763	-2735.601704	941.703125	6307.906250
625.167763	-2735.601704	940.542969	5937.774414
625.167763	-2735.601704	939.382813	5716.503418
625.167763	-2735.601704	938.221680	5508.267090
625.167763	-2735.601704	937.061523	5332.439453
625.167763	-2735.601704	935.900391	5167.464355
625.167763	-2735.601704	934.739258	5086.521484
625.167763	-2735.601704	933.577148	4837.759766
625.167763	-2735.601704	932.415039	4858.058594
625.167763	-2735.601704	931.252930	4646.043457
625.167763	-2735.601704	930.089844	4543.805664
625.167763	-2735.601704	928.927734	4340.574219
625.167763	-2735.601704	927.764648	4378.168457
625.167763	-2735.601704	926.600586	4269.625977
625.167763	-2735.601704	925.437500	4313.662598
625.167763	-2735.601704	924.273438	4112.838379
625.167763	-2735.601704	923.108398	4092.476074
625.167763	-2735.601704	921.944336	4196.626465
625.167763	-2735.601704	920.779297	4180.543945
625.167763	-2735.601704	919.614258	4179.486816
625.167763	-2735.601704	918.448242	4103.355469
625.167763	-2735.601704	917.282227	4044.417236
625.167763	-2735.601704	916.116211	4000.515381
625.167763	-2735.601704	914.950195	3858.040771
625.167763	-2735.601704	913.783203	3932.061523
625.167763	-2735.601704	912.616211	3860.369629
625.167763	-2735.601704	911.449219	4035.011963
625.167763	-2735.601704	910.281250	4031.846924
625.167763	-2735.601704	909.113281	3885.259766
625.167763	-2735.601704	907.945313	3869.291992
625.167763	-2735.601704	906.777344	3913.239014
625.167763	-2735.601704	905.608398	3788.181641
625.167763	-2735.601704	904.439453	3849.233154
625.167763	-2735.601704	903.269531	3662.254639
625.167763	-2735.601704	902.100586	3721.168457
625.167763	-2735.601704	900.930664	3673.209961
625.167763	-2735.601704	899.759766	3747.043457
625.167763	-2735.601704	898.589844	3808.024170
625.167763	-2735.601704	897.418945	3710.968750
625.167763	-2735.601704	896.247070	3748.445068
625.167763	-2735.601704	895.076172	3743.219238
625.167763	-2735.601704	893.904297	3744.396240
625.167763	-2735.601704	892.732422	3801.030273
625.167763	-2735.601704	891.559570	3712.626465
625.167763	-2735.601704	890.386719	3724.467773
625.167763	-2735.601704	889.213867	3830.083008
625.167763	-2735.601704	888.041016	3871.718262
625.167763	-2735.601704	886.867188	3789.774902
625.167763	-2735.601704	885.693359	3720.651367
625.167763	-2735.601704	884.519531	3772.926514
625.167763	-2735.601704	883.344727	3806.016113
625.167763	-2735.601704	882.169922	3900.802979
625.167763	-2735.601704	880.995117	3763.637207
625.167763	-2735.601704	879.819336	3869.019775
625.167763	-2735.601704	878.644531	3897.794678
625.167763	-2735.601704	877.467773	3803.251465
625.167763	-2735.601704	876.291992	3929.793945
625.167763	-2735.601704	875.115234	3926.656494
625.167763	-2735.601704	873.938477	3868.289063
625.167763	-2735.601704	872.760742	3933.126709
625.167763	-2735.601704	871.583984	3949.097168
625.167763	-2735.601704	870.406250	3854.682373
625.167763	-2735.601704	869.227539	3779.414063
625.167763	-2735.601704	868.049805	3979.982422
625.167763	-2735.601704	866.871094	3904.718994
625.167763	-2735.601704	865.691406	3776.483154
625.167763	-2735.601704	864.512695	3981.134033
625.167763	-2735.601704	863.333008	3927.119873
625.167763	-2735.601704	862.153320	3928.221191
625.167763	-2735.601704	860.972656	3980.158691
625.167763	-2735.601704	859.791992	3993.950195
625.167763	-2735.601704	858.611328	4041.607910
625.167763	-2735.601704	857.429688	4000.343506
625.167763	-2735.601704	856.249023	3969.679932
625.167763	-2735.601704	855.067383	4159.041992
625.167763	-2735.601704	853.884766	4064.903320
625.167763	-2735.601704	852.702148	4118.819824
625.167763	-2735.601704	851.519531	4071.243408
625.167763	-2735.601704	850.336914	4163.167480
625.167763	-2735.601704	849.153320	4102.926270
625.167763	-2735.601704	847.969727	3992.023193
625.167763	-2735.601704	846.786133	4039.549561
625.167763	-2735.601704	845.601563	3964.607666
625.167763	-2735.601704	844.416992	4003.672363
625.167763	-2735.601704	843.232422	3960.427002
625.167763	-2735.601704	842.046875	4054.316162
625.167763	-2735.601704	840.861328	4078.562256
625.167763	-2735.601704	839.675781	4018.462158
625.167763	-2735.601704	838.490234	3981.578125
625.167763	-2735.601704	837.303711	3942.605469
625.167763	-2735.601704	836.117188	4084.825684
625.167763	-2735.601704	834.929688	4064.799561
625.167763	-2735.601704	833.742188	4015.305420
625.167763	-2735.601704	832.554688	4052.141846
625.167763	-2735.601704	831.367188	4036.346680
625.167763	-2735.601704	830.178711	3959.545654
625.167763	-2735.601704	828.990234	3947.988037
625.167763	-2735.601704	827.800781	3848.118164
625.167763	-2735.601704	826.612305	3826.083252
625.167763	-2735.601704	825.421875	3848.194580
625.167763	-2735.601704	824.232422	3723.213867
625.167763	-2735.601704	823.041992	3688.623291
625.167763	-2735.601704	821.851563	3679.250488
625.167763	-2735.601704	820.661133	3728.667236
625.167763	-2735.601704	819.469727	3906.091309
625.167763	-2735.601704	818.278320	3961.715576
625.167763	-2735.601704	817.086914	3925.005859
625.167763	-2735.601704	815.894531	3978.497070
625.167763	-2735.601704	814.702148	4132.600586
625.167763	-2735.601704	813.509766	4066.526367
625.167763	-2735.601704	812.316406	4270.817871
625.167763	-2735.601704	811.124023	4217.310059
625.167763	-2735.601704	809.929688	4191.058594
625.167763	-2735.601704	808.736328	3844.449219
625.167763	-2735.601704	807.541992	3992.058350
625.167763	-2735.601704	806.347656	3733.582275
625.167763	-2735.601704	805.152344	3707.483398
625.167763	-2735.601704	803.957031	3560.078857
625.167763	-2735.601704	802.761719	3552.858887
625.167763	-2735.601704	801.565430	3441.112305
625.167763	-2735.601704	800.370117	3433.926270
625.167763	-2735.601704	799.172852	3393.311768
625.167763	-2735.601704	797.976563	3432.096924
625.167763	-2735.601704	796.779297	3410.298340
625.167763	-2735.601704	795.582031	3254.890869
625.167763	-2735.601704	794.383789	3379.257324
625.167763	-2735.601704	793.186523	3401.308594
625.167763	-2735.601704	791.987305	3377.452393
625.167763	-2735.601704	790.789063	3447.458984
625.167763	-2735.601704	789.589844	3336.031006
625.167763	-2735.601704	788.390625	3408.094482
625.167763	-2735.601704	787.190430	3488.454346
625.167763	-2735.601704	785.991211	3387.519287
625.167763	-2735.601704	784.791016	3353.286621
625.167763	-2735.601704	783.589844	3323.236328
625.167763	-2735.601704	782.388672	3430.591553
625.167763	-2735.601704	781.187500	3402.616211
625.167763	-2735.601704	779.986328	3370.493896
625.167763	-2735.601704	778.784180	3475.667725
625.167763	-2735.601704	777.582031	3345.808350
625.167763	-2735.601704	776.378906	3378.170410
625.167763	-2735.601704	775.176758	3452.080322
625.167763	-2735.601704	773.973633	3388.818115
625.167763	-2735.601704	772.769531	3308.971680
625.167763	-2735.601704	771.565430	3482.516846
625.167763	-2735.601704	770.361328	3365.317383
625.167763	-2735.601704	769.157227	3389.315430
625.167763	-2735.601704	767.952148	3479.697998
625.167763	-2735.601704	766.747070	3418.600586
625.167763	-2735.601704	765.541992	3471.596191
625.167763	-2735.601704	764.335938	3441.631592
625.167763	-2735.601704	763.129883	3424.118408
625.167763	-2735.601704	761.922852	3390.037109
625.167763	-2735.601704	760.716797	3403.619873
625.167763	-2735.601704	759.508789	3373.703125
625.167763	-2735.601704	758.301758	3457.677246
625.167763	-2735.601704	757.093750	3436.040039
625.167763	-2735.601704	755.885742	3480.632813
625.167763	-2735.601704	754.677734	3529.338135
625.167763	-2735.601704	753.468750	3418.763428
625.167763	-2735.601704	752.259766	3446.781250
625.167763	-2735.601704	751.049805	3472.715576
625.167763	-2735.601704	749.840820	3339.512451
625.167763	-2735.601704	748.629883	3431.571533
625.167763	-2735.601704	747.419922	3343.889648
625.167763	-2735.601704	746.208984	3390.469238
625.167763	-2735.601704	744.998047	3327.615967
625.167763	-2735.601704	743.786133	3252.414063
625.167763	-2735.601704	742.575195	3381.504639
625.167763	-2735.601704	741.363281	3341.391602
625.167763	-2735.601704	740.150391	3398.214844
625.167763	-2735.601704	738.937500	3415.838379
625.167763	-2735.601704	737.724609	3346.894043
625.167763	-2735.601704	736.510742	3348.038086
625.167763	-2735.601704	735.297852	3443.929932
625.167763	-2735.601704	734.083008	3383.269043
625.167763	-2735.601704	732.869141	3374.106689
625.167763	-2735.601704	731.654297	3410.226074
625.167763	-2735.601704	730.439453	3292.011963
625.167763	-2735.601704	729.223633	3299.335449
625.167763	-2735.601704	728.007813	3279.921143
625.167763	-2735.601704	726.791992	3287.242432
625.167763	-2735.601704	725.575195	3319.221924
625.167763	-2735.601704	724.359375	3377.894043
