1819.582031	544.364197
1818.618164	518.442078
1817.653320	513.145386
1816.688477	528.579651
1815.723633	520.692505
1814.757813	517.988770
1813.792969	538.590576
1812.827148	556.594604
1811.861328	546.120056
1810.894531	558.939209
1809.928711	561.404358
1808.961914	540.589417
1807.995117	563.745361
1807.028320	535.182678
1806.061523	550.575134
1805.093750	516.859253
1804.125977	578.756165
1803.158203	552.798401
1802.190430	508.773621
1801.221680	568.049805
1800.253906	544.692810
1799.285156	536.831421
1798.316406	606.384277
1797.346680	564.975586
1796.377930	541.639526
1795.408203	559.572449
1794.438477	587.810059
1793.468750	597.992493
1792.498047	587.554565
1791.528320	597.732605
1790.557617	628.513245
1789.586914	574.295105
1788.616211	594.768494
1787.644531	602.361938
1786.673828	571.347534
1785.702148	586.662048
1784.729492	568.527161
1783.757813	547.828125
1782.786133	578.566223
1781.813477	527.023804
1780.840820	588.596558
1779.868164	585.899292
1778.894531	552.373047
1777.920898	565.096497
1776.948242	593.222839
1775.974609	541.744202
1775.000000	562.162598
1774.026367	623.634460
1773.051758	538.826721
1772.077148	584.885315
1771.102539	564.240967
1770.127930	576.939819
1769.152344	605.014954
1768.176758	586.942749
1767.201172	589.378418
1766.225586	558.507507
1765.249023	578.878113
1764.273438	640.213623
1763.296875	604.231201
1762.320313	568.264221
1761.343750	570.700806
1760.366211	591.046814
1759.388672	562.780273
1758.411133	601.021973
1757.433594	629.019226
1756.456055	669.786560
1755.477539	626.192139
1754.499023	656.721191
1753.520508	659.134460
1752.541992	717.739807
1751.562500	730.353638
1750.583984	755.727661
1749.604492	763.222656
1748.625000	854.931580
1747.644531	893.019836
1746.665039	869.869202
1745.684570	900.286682
1744.704102	968.938599
1743.723633	1004.420227
1742.743164	1065.374023
1741.761719	1072.789551
1740.780273	1182.107666
1739.798828	1176.759399
1738.817383	1163.773682
1737.834961	1178.799683
1736.852539	1288.001099
1735.871094	1364.071655
1734.887695	1292.536499
1733.905273	1317.697144
1732.921875	1388.625854
1731.939453	1380.699585
1730.956055	1375.318848
1729.971680	1397.898438
1728.988281	1395.057495
1728.003906	1425.244751
1727.019531	1435.098999
1726.035156	1401.778320
1725.050781	1404.016724
1724.066406	1406.254028
1723.081055	1352.658325
1722.095703	1316.846558
1721.110352	1303.880737
1720.124023	1197.081421
1719.138672	1237.395386
1718.152344	1112.910278
1717.166016	1084.791748
1716.179688	1079.491455
1715.192383	960.187012
1714.205078	934.652161
1713.218750	909.128174
1712.230469	898.806274
1711.243164	830.268616
1710.254883	855.398682
1709.267578	852.685486
1708.279297	781.671997
1707.291016	763.800842
1706.301758	781.337708
1705.312500	743.249756
1704.324219	712.760620
1703.334961	750.513000
1702.344727	745.299744
1701.355469	714.829651
1700.365234	656.593689
1699.375000	709.474670
1698.384766	699.225952
1697.394531	704.124146
1696.403320	709.020203
1695.412109	711.391479
1694.420898	696.106812
1693.429688	723.695679
1692.438477	726.062256
1691.446289	672.976563
1690.454102	708.112610
1689.461914	713.000427
1688.469727	730.480591
1687.476563	755.508362
1686.483398	684.848145
1685.490234	709.875000
1684.497070	694.623108
1683.503906	714.604675
1682.509766	732.062073
1681.515625	734.421204
1680.521484	714.147827
1679.527344	701.425232
1678.532227	721.384033
1677.538086	701.126343
1676.542969	708.514343
1675.547852	738.506531
1674.551758	725.792236
1673.556641	730.659363
1672.560547	778.199890
1671.564453	780.543945
1670.568359	757.794495
1669.571289	807.807495
1668.575195	787.570068
1667.578125	752.295288
1666.581055	772.192139
1665.583008	777.040955
1664.585938	784.393738
1663.587891	746.644043
1662.589844	721.435364
1661.591797	751.335266
1660.593750	713.616638
1659.594727	748.512207
1658.595703	755.861572
1657.596680	768.212402
1656.597656	738.027588
1655.597656	737.870667
1654.598633	727.710815
1653.598633	737.556885
1652.598633	719.902466
1651.597656	732.245056
1650.597656	717.097778
1649.596680	696.960815
1648.595703	746.763428
1647.594727	749.101746
1646.592773	716.488342
1645.590820	686.384766
1644.589844	718.679321
1643.587891	753.454956
1642.584961	715.879578
1641.583008	700.764587
1640.580078	695.629089
1639.577148	722.901733
1638.574219	685.364685
1637.570313	740.036621
1636.567383	759.808899
1635.563477	737.231689
1634.559570	699.723328
1633.555664	677.168457
1632.550781	704.404358
1631.545898	674.392395
1630.541016	706.593262
1629.536133	741.267944
1628.531250	688.884644
1627.525391	728.521118
1626.519531	743.281860
1625.513672	690.931396
1624.507813	757.875366
1623.501953	695.606750
1622.495117	702.910461
1621.488281	742.493347
1620.481445	719.991272
1619.474609	719.838440
1618.466797	796.617615
1617.458984	712.089539
1616.451172	783.876465
1615.443359	758.909180
1614.435547	833.135254
1613.426758	758.587219
1612.417969	788.168457
1611.409180	768.177307
1610.400391	839.860840
1609.390625	866.929016
1608.380859	898.938477
1607.371094	896.271912
1606.361328	950.539795
1605.351563	1081.504639
1604.340820	1110.967041
1603.330078	1125.574097
1602.319336	1152.541260
1601.308594	1107.787476
1600.296875	1085.302612
1599.286133	1060.355469
1598.274414	904.447083
1597.262695	914.137817
1596.250000	901.593323
1595.238281	814.966309
1594.225586	871.582092
1593.212891	826.963379
1592.199219	752.747253
1591.186523	792.067627
1590.172852	806.701538
1589.159180	823.795593
1588.145508	850.746155
1587.131836	806.188354
1586.117188	801.087646
1585.102539	840.347534
1584.087891	835.241638
1583.073242	852.307739
1582.058594	889.068909
1581.042969	797.776245
1580.027344	827.148071
1579.011719	814.666504
1577.996094	804.650879
1576.979492	821.701538
1575.962891	823.986938
1574.946289	853.321838
1573.929688	786.758179
1572.913086	811.172241
1571.895508	779.051697
1570.877930	803.457031
1569.860352	830.308472
1568.842773	803.116211
1567.824219	832.411804
1566.805664	758.586060
1565.787109	731.426208
1564.768555	753.356445
1563.750000	738.476135
1562.730469	787.377258
1561.710938	779.853149
1560.691406	762.524780
1559.671875	767.265625
1558.651367	791.610962
1557.630859	754.688660
1556.610352	813.322998
1555.589844	737.223694
1554.569336	761.554565
1553.547852	815.253540
1552.526367	793.051392
1551.504883	739.045349
1550.483398	836.754517
1549.460938	792.546570
1548.438477	833.953796
1547.416016	765.314148
1546.393555	787.152893
1545.371094	767.433350
1544.347656	767.270447
1543.324219	796.423828
1542.300781	796.254761
1541.277344	788.759766
1540.252930	749.528870
1539.228516	817.716187
1538.204102	817.542542
1537.179688	797.849670
1536.155273	780.604553
1535.129883	763.366699
1534.104492	777.834656
1533.079102	792.296509
1532.053711	801.877502
1531.027344	767.591919
1530.000977	833.208496
1528.974609	767.265869
1527.948242	776.843872
1526.921875	796.156616
1525.894531	834.934875
1524.867188	776.348755
1523.839844	788.349670
1522.812500	797.912781
1521.784180	843.953918
1520.755859	843.774536
1519.727539	809.559631
1518.699219	833.693481
1517.669922	848.096680
1516.641602	852.775513
1515.612305	816.158569
1514.583008	811.127930
1513.552734	813.383484
1512.523438	844.767883
1511.493164	856.723083
1510.462891	858.967346
1509.432617	870.914307
1508.401367	909.535950
1507.370117	868.118896
1506.339844	897.026917
1505.307617	947.737549
1504.276367	925.725586
1503.244141	896.454346
1502.212891	901.108215
1501.179688	886.385498
1500.147461	932.201538
1499.115234	958.631714
1498.082031	994.731628
1497.048828	1001.779114
1496.015625	1071.723755
1494.981445	1076.332886
1493.948242	1129.304321
1492.914063	1165.329102
1491.879883	1259.350830
1490.845703	1227.665894
1489.810547	1205.658936
1488.775391	1164.336182
1487.740234	1311.410400
1486.705078	1342.520630
1485.669922	1257.741333
1484.633789	1298.503906
1483.597656	1247.552734
1482.561523	1256.936890
1481.525391	1218.076294
1480.488281	1251.577759
1479.451172	1301.941772
1478.414063	1320.947998
1477.376953	1323.076050
1476.338867	1289.061279
1475.301758	1317.693481
1474.263672	1401.707397
1473.225586	1355.657715
1472.186523	1473.331055
1471.148438	1427.285522
1470.109375	1559.331421
1469.070313	1583.057007
1468.030273	1662.095337
1466.991211	1748.314331
1465.951172	1853.730835
1464.911133	1927.852661
1463.871094	2071.638184
1462.831055	2059.181641
1461.790039	2099.579834
1460.749023	2101.532715
1459.708008	2093.879639
1458.666992	2153.449951
1457.625000	2172.191162
1456.583008	2337.305664
1455.541016	2238.438965
1454.499023	2247.554688
1453.456055	2271.055420
1452.414063	2364.077393
1451.371094	2279.671875
1450.328125	2410.997803
1449.284180	2326.617920
1448.241211	2266.229736
1447.197266	2239.398438
1446.153320	2198.211182
1445.108398	2169.011719
1444.064453	2046.476318
1443.019531	1967.067871
1441.974609	1830.273071
1440.929688	1827.488647
1439.883789	1705.130981
1438.838867	1685.637573
1437.792969	1570.533813
1436.746094	1548.687378
1435.700195	1507.734741
1434.653320	1450.077026
1433.607422	1440.212158
1432.560547	1404.084595
1431.512695	1341.711060
1430.465820	1303.233032
1429.417969	1257.612305
1428.370117	1195.310181
1427.322266	1144.961304
1426.273438	1178.102905
1425.225586	1165.928223
1424.176758	1094.163696
1423.127930	1039.112915
1422.078125	998.382324
1421.029297	967.198242
1419.979492	1086.077637
1418.929688	981.069641
1417.878906	992.762207
1416.829102	978.267334
1415.778320	1016.131958
1414.727539	977.846252
1413.676758	972.878357
1412.625000	946.509094
1411.574219	934.416992
1410.522461	953.232849
1409.470703	957.780701
1408.417969	938.565430
1407.366211	950.241150
1406.313477	964.286865
1405.260742	990.199341
1404.207031	968.619202
1403.154297	980.278076
1402.100586	1013.289185
1401.046875	1008.325500
1399.993164	960.667542
1398.938477	988.918274
1397.884766	981.591797
1396.830078	1002.714172
1395.774414	1071.226807
1394.719727	1030.714600
1393.664063	1044.705566
1392.608398	1091.848511
1391.552734	1129.499268
1390.497070	1129.255127
1389.440430	1098.241211
1388.384766	1135.865967
1387.328125	1043.351074
1386.270508	1085.701904
1385.213867	1035.805054
1384.156250	974.108032
1383.098633	1014.082214
1382.041016	1016.225952
1380.982422	1041.996704
1379.924805	947.279297
1378.866211	895.114868
1377.807617	984.649109
1376.748047	1000.960999
1375.688477	970.060791
1374.629883	967.490662
1373.570313	986.154602
1372.509766	990.658081
1371.450195	985.726746
1370.389648	994.943542
1369.329102	999.441895
1368.267578	982.728271
1367.207031	999.007874
1366.145508	1005.857788
1365.083984	963.246948
1364.022461	988.938354
1362.960938	965.182373
1361.898438	988.508423
1360.835938	955.350342
1359.773438	981.020752
1358.709961	1023.144348
1357.647461	982.945435
1356.583984	987.433533
1355.520508	1006.022705
1354.456055	970.553528
1353.392578	1007.934082
1352.328125	1005.365479
1351.263672	984.010132
1350.198242	972.055847
1349.133789	1007.055603
1348.068359	1034.999268
1347.002930	1086.394897
1345.937500	1043.931396
1344.871094	1090.611572
1343.805664	1069.269531
1342.739258	1043.247925
1341.671875	1071.146484
1340.605469	1131.839600
1339.538086	1094.106934
1338.470703	1107.921753
1337.403320	1074.894043
1336.335938	1100.413452
1335.267578	1125.921509
1334.199219	1078.869507
1333.130859	1109.050415
1332.062500	1062.022583
1330.993164	1183.404785
1329.923828	1183.145630
1328.854492	1164.184692
1327.785156	1166.266846
1326.714844	1133.297485
1325.645508	1231.168823
1324.575195	1114.115234
1323.503906	1130.217041
1322.433594	1190.669922
1321.362305	1174.069702
1320.291016	1138.807617
1319.219727	1133.891357
1318.147461	1121.979370
1317.075195	1152.050049
1316.002930	1140.139038
1314.930664	1086.274048
1313.858398	1125.654541
1312.785156	1132.397095
1311.711914	1136.807129
1310.638672	1131.898926
1309.565430	1092.065430
1308.491211	1122.088745
1307.416992	1077.619751
1306.342773	1128.575439
1305.267578	1163.223511
1304.193359	1132.729980
1303.118164	1113.876953
1302.042969	1171.754028
1300.966797	1113.385742
1299.891602	1168.913330
1298.815430	1136.128174
1297.739258	1163.751587
1296.663086	1147.238281
1295.585938	1140.019409
1294.508789	1097.983765
1293.431641	1123.270020
1292.354492	1129.982544
1291.276367	1145.971191
1290.198242	1161.952515
1289.120117	1161.695435
1288.041992	1184.620728
1286.963867	1110.191284
1285.884766	1128.483154
1284.805664	1165.300415
1283.726563	1202.101196
1282.646484	1192.572021
1281.566406	1210.828979
1280.486328	1182.784668
1279.406250	1164.009277
1278.326172	1175.319092
1277.245117	1175.058228
1276.164063	1209.486206
1275.083008	1190.720947
1274.000977	1165.029175
1272.918945	1171.703491
1271.836914	1215.343262
1270.754883	1104.191772
1269.672852	1203.255127
1268.589844	1179.897461
1267.506836	1140.390747
1266.423828	1190.912109
1265.339844	1139.882935
1264.256836	1211.144165
1263.172852	1229.325684
1262.088867	1189.851196
1261.003906	1122.729248
1259.919922	1196.235229
1258.834961	1182.142090
1257.749023	1253.297852
1256.664063	1232.287964
1255.578125	1197.470337
1254.492188	1270.876831
1253.406250	1293.610840
1252.320313	1279.514038
1251.233398	1355.153320
1250.146484	1299.644043
1249.059570	1398.242188
1247.972656	1414.023804
1246.884766	1422.902100
1245.796875	1429.478027
1244.708984	1371.715698
1243.620117	1442.620483
1242.532227	1453.780396
1241.443359	1419.012329
1240.354492	1439.354614
1239.264648	1468.868042
1238.175781	1415.762695
1237.085938	1433.797485
1235.996094	1477.053101
1234.905273	1414.808960
1233.814453	1419.076050
1232.724609	1382.084839
1231.632813	1400.105957
1230.541992	1429.573730
1229.450195	1408.637817
1228.358398	1307.562744
1227.266602	1334.741577
1226.174805	1311.551636
1225.082031	1295.237305
1223.989258	1260.626953
1222.896484	1301.515381
1221.802734	1264.632080
1220.709961	1271.205811
1219.616211	1227.488159
1218.522461	1229.496216
1217.427734	1318.325439
1216.333008	1249.499268
1215.239258	1269.770630
1214.143555	1326.564697
1213.048828	1321.699097
1211.953125	1312.271240
1210.857422	1334.791138
1209.761719	1386.955933
1208.665039	1315.941284
1207.569336	1358.965942
1206.472656	1331.302368
1205.375000	1410.769409
1204.278320	1371.713257
1203.180664	1396.460815
1202.083008	1380.200928
1200.985352	1434.536621
1199.886719	1349.979370
1198.789063	1404.296753
1197.690430	1367.569702
1196.590820	1376.358643
1195.492188	1414.711304
1194.392578	1421.211182
1193.292969	1436.801636
1192.193359	1413.745483
1191.092773	1408.878662
1189.992188	1474.441772
1188.891602	1480.919678
1187.791016	1519.186157
1186.689453	1566.516113
1185.587891	1568.428467
1184.486328	1552.185547
1183.384766	1581.324829
1182.282227	1526.525879
1181.179688	1607.814941
1180.077148	1507.690430
1178.974609	1480.145386
1177.871094	1538.727173
1176.767578	1472.671143
1175.664063	1424.766235
1174.560547	1469.732178
1173.456055	1437.698120
1172.351563	1423.787109
1171.247070	1500.404541
1170.141602	1459.334717
1169.037109	1474.833984
1167.931641	1465.449463
1166.825195	1471.895874
1165.719727	1457.994995
1164.613281	1435.060547
1163.506836	1488.956665
1162.400391	1502.167603
1161.292969	1483.755005
1160.185547	1501.476318
1159.078125	1415.351807
1157.970703	1500.784912
1156.862305	1486.901245
1155.753906	1362.490723
1154.645508	1443.365845
1153.537109	1454.306519
1152.427734	1361.547974
1151.318359	1329.681885
1150.208984	1322.615234
1149.099609	1383.131470
1147.989258	1317.499756
1146.878906	1371.233887
1145.768555	1310.137207
1144.657227	1316.585693
1143.546875	1275.780029
1142.435547	1331.722900
1141.323242	1342.659424
1140.211914	1310.869385
1139.099609	1225.142700
1137.987305	1341.725708
1136.875000	1291.982056
1135.761719	1282.696533
1134.648438	1394.692749
1133.535156	1434.785278
1132.421875	1364.861816
1131.307617	1461.050171
1130.193359	1496.611084
1129.079102	1563.561035
1127.963867	1558.711548
1126.849609	1616.646484
1125.734375	1631.961792
1124.618164	1613.652100
1123.502930	1633.441772
1122.386719	1684.583984
1121.270508	1632.679810
1120.154297	1724.101440
1119.037109	1649.826050
1117.919922	1530.824097
1116.802734	1523.753784
1115.685547	1480.894531
1114.567383	1455.946899
1113.449219	1384.055664
1112.331055	1403.850586
1111.211914	1367.763306
1110.093750	1356.270996
1108.974609	1360.420776
1107.854492	1284.168335
1106.735352	1312.893677
1105.615234	1270.172119
1104.495117	1236.397461
1103.375000	1236.107056
1102.253906	1229.124512
1101.132813	1260.058350
1100.011719	1261.991699
1098.890625	1210.424561
1097.768555	1176.710327
1096.646484	1225.451416
1095.524414	1260.803833
1094.401367	1220.419922
1093.278320	1211.226196
1092.155273	1202.036499
1091.032227	1177.272827
1089.909180	1163.645264
1088.785156	1214.532104
1087.661133	1196.453979
1086.536133	1147.257202
1085.411133	1173.660034
1084.286133	1211.161743
1083.161133	1175.326538
1082.036133	1097.304077
1080.910156	1205.860352
1079.784180	1192.253418
1078.658203	1165.334595
1077.531250	1185.030640
1076.404297	1155.907349
1075.277344	1186.686401
1074.150391	1188.622192
1073.022461	1226.029785
1071.894531	1241.254028
1070.766602	1247.606934
1069.637695	1315.989868
1068.508789	1247.013428
1067.379883	1273.289551
1066.250977	1350.472412
1065.121094	1270.469604
1063.992188	1248.038452
1062.861328	1207.919312
1061.731445	1254.078491
1060.600586	1280.314209
1059.469727	1255.690552
1058.338867	1242.129395
1057.207031	1228.574585
1056.076172	1239.326538
1054.944336	1194.857910
1053.811523	1212.236572
1052.678711	1251.682251
1051.546875	1167.515625
1050.413086	1229.017700
1049.280273	1184.603760
1048.146484	1149.032715
1047.012695	1175.215820
1045.878906	1285.152710
1044.744141	1333.328735
1043.609375	1469.614258
1042.474609	1511.114014
1041.339844	1499.739258
1040.204102	1565.430420
1039.068359	1578.260864
1037.932617	1492.054688
1036.795898	1392.688965
1035.659180	1341.762207
1034.522461	1365.628540
1033.385742	1334.519409
1032.248047	1268.256836
1031.110352	1232.790771
1029.972656	1179.766113
1028.833984	1258.552368
1027.695313	1242.876831
1026.556641	1339.172119
1025.417969	1224.716797
1024.278320	1213.448853
1023.138672	1215.348633
1021.999023	1219.440674
1020.859375	1195.025269
1019.718750	1240.771118
1018.578125	1282.111206
1017.436523	1189.773315
1016.295898	1165.388062
1015.154297	1184.815308
1014.012695	1184.527222
1012.870117	1219.262817
1011.727539	1258.358276
1010.584961	1253.676147
1009.442383	1297.118530
1008.298828	1428.013550
1007.155273	1561.030762
1006.011719	1766.113892
1004.868164	2069.432861
1003.723633	2363.864502
1002.579102	2489.969971
1001.434570	2454.423340
1000.289063	2255.159668
999.143555	2221.869385
997.998047	2230.053955
996.851563	2229.508057
995.705078	2285.667725
994.558594	2346.160156
993.412109	2243.129150
992.264648	2377.700439
991.117188	2350.970947
989.969727	2302.471191
988.822266	2410.794434
987.673828	2264.327148
986.525391	2318.187988
985.375977	2328.498779
984.227539	2275.710693
983.078125	2251.224609
981.928711	2285.463135
980.778320	2247.941406
979.627930	2140.886475
978.477539	2105.591309
977.327148	2163.727051
976.175781	2208.802246
975.024414	2123.574463
973.873047	2190.344727
972.720703	2246.230225
971.568359	2258.693115
970.416016	2331.886963
969.263672	2454.923340
968.110352	2391.439697
966.957031	2375.674072
965.803711	2474.769287
964.649414	2406.993652
963.495117	2276.437988
962.340820	2271.541748
961.185547	2186.546631
960.030273	2177.345703
958.875000	2077.268555
957.719727	1946.954956
956.563477	1968.097900
955.407227	1898.417236
954.250977	1783.375977
953.093750	1782.931519
951.937500	1700.384521
950.779297	1661.079346
949.622070	1714.652588
948.463867	1677.521851
947.305664	1582.131714
946.147461	1588.209961
944.988281	1574.868652
943.829102	1606.826904
942.669922	1597.799561
941.510742	1590.932129
940.350586	1549.584839
939.190430	1495.330078
938.029297	1548.807861
936.868164	1539.804932
935.707031	1532.959229
934.545898	1547.641724
933.383789	1527.885254
932.222656	1495.229980
931.059570	1520.664185
929.897461	1490.177002
928.734375	1608.040039
927.571289	1418.501343
926.407227	1454.671753
925.244141	1480.082886
924.080078	1486.152344
922.915039	1505.100952
921.750977	1551.944702
920.585938	1491.464722
919.420898	1512.542236
918.254883	1563.637451
917.088867	1582.541138
915.922852	1530.688721
914.756836	1526.014526
913.589844	1502.057739
912.422852	1578.795776
911.255859	1578.395264
910.087891	1592.982422
908.919922	1603.280762
907.751953	1577.193237
906.583008	1536.142456
905.414063	1490.834229
904.245117	1593.097534
903.076172	1481.524170
901.906250	1466.185791
900.736328	1487.179810
899.566406	1520.979980
898.395508	1386.045288
897.224609	1481.771851
896.053711	1457.913208
894.881836	1372.179688
893.709961	1361.161621
892.538086	1452.529907
891.365234	1422.304810
890.192383	1417.677002
889.019531	1423.707886
887.846680	1380.728027
886.672852	1512.446899
885.499023	1467.336182
884.325195	1443.539429
883.150391	1445.297363
881.975586	1478.974487
880.800781	1533.908691
879.625000	1465.452637
878.449219	1537.372559
877.273438	1468.950195
876.096680	1479.198364
874.919922	1561.682007
873.743164	1497.553711
872.566406	1539.640381
871.388672	1456.442383
870.210938	1502.762451
869.033203	1455.690308
867.854492	1516.836182
866.675781	1452.816895
865.496094	1473.644653
864.317383	1500.820679
863.137695	1525.863037
861.957031	1567.841797
860.777344	1410.691772
859.596680	1539.500000
858.416016	1509.461670
857.234375	1451.924072
856.052734	1555.228882
854.871094	1485.016235
853.689453	1510.008301
852.506836	1558.244629
851.324219	1572.635254
850.140625	1576.452148
848.958008	1603.505859
847.774414	1664.338867
846.589844	1678.685669
845.405273	1688.802612
844.220703	1673.588501
843.036133	1732.228516
841.851563	1710.682251
840.666016	1748.193359
839.479492	1654.973145
838.293945	1574.447510
837.107422	1550.856567
835.920898	1605.221436
834.733398	1606.906616
833.545898	1480.156006
832.358398	1528.181030
831.169922	1565.658569
829.982422	1575.766357
828.792969	1609.004517
827.604492	1661.149414
826.415039	1662.814453
825.225586	1666.579834
824.036133	1840.528931
822.845703	1844.244873
821.655273	1965.555786
820.463867	2216.965088
819.273438	2596.270752
818.082031	3155.828613
816.889648	3998.284424
815.698242	4896.918457
814.505859	5686.051270
813.312500	6212.756348
812.120117	5997.368652
810.926758	5331.676758
809.732422	4590.938477
808.539063	3796.151367
807.344727	3280.193359
806.149414	2764.508545
804.955078	2487.606201
803.759766	2277.782227
802.564453	2091.071289
801.368164	2021.527954
800.171875	1805.724121
798.975586	1788.527954
797.778320	1760.896362
796.581055	1710.307983
795.383789	1661.833984
794.186523	1632.170044
792.988281	1665.119995
791.790039	1622.953979
790.590820	1570.382568
789.391602	1617.916260
788.192383	1548.698608
786.993164	1610.798828
785.792969	1606.200806
784.592773	1572.446899
783.391602	1590.764648
782.190430	1536.216309
780.989258	1500.426392
779.788086	1531.230469
778.585938	1526.659180
777.383789	1497.137695
776.180664	1513.365356
774.977539	1488.019165
773.774414	1481.385376
772.571289	1478.909058
771.367188	1478.510376
770.163086	1436.591553
768.958008	1454.882813
767.753906	1464.864380
766.547852	1431.279541
765.342773	1474.441528
764.136719	1393.188110
762.930664	1349.285767
761.723633	1394.506104
760.517578	1350.626587
759.310547	1315.054321
758.102539	1372.668701
756.894531	1374.366089
755.686523	1309.845703
754.478516	1315.696045
753.269531	1346.360596
752.060547	1304.642944
750.850586	1329.092163
749.640625	1328.730469
748.430664	1282.918945
747.220703	1297.026733
746.009766	1273.960693
744.798828	1279.805786
743.586914	1351.683838
742.375000	1345.125488
741.163086	1357.133057
739.950195	1336.142578
738.738281	1360.513794
737.524414	1378.688843
736.311523	1361.829224
735.097656	1392.351563
733.883789	1402.265503
732.668945	1381.295288
731.454102	1347.988403
730.239258	1312.641968
729.023438	1318.451904
727.807617	1338.652588
726.591797	1291.002563
725.375000	1251.599121
724.158203	1273.855225
